-102.131296819064
-102.176042771794
-102.515257559313
-102.30387805321
-102.428997626494
-102.14658381756
-102.122991166774
-102.268571200849
-102.097345049505
-102.464305407846
-102.327221694478
-102.330795499383
-102.224949633417
-102.453580329831
-102.392996255303
-102.505042358921
-102.349637205177
-102.239022496249
-102.671501486517
-102.525165680901
-102.52328625373
-102.672370483635
-102.433535519999
-102.710487026187
-102.587494427664
-102.596967679586
-102.613715248427
-102.588515021287
-102.568069091101
-102.61269709147
-102.592638285588
-102.477851727609
-102.762441068235
-102.733233131965
-102.599546107608
-102.734857943814
-102.546552636196
-102.585911169957
-102.578263782262
-102.579778007134
-102.523574862059
-102.710228290799
-102.399389174293
-102.518493924567
-102.524682153131
-102.273347294316
-102.384802636495
-102.198633869667
-102.362040670206
-102.642117146614
-102.488577792382
-102.475372602452
-102.663722909586
-102.127411931802
-102.620436789578
-102.446048504394
-102.416335095764
-102.665026287792
-102.342934999888
-102.33145765278
-102.670951015678
-102.080073531071
-102.537918107245
-102.302508294358
-102.413033359872
-102.436998260574
-102.226825100284
-102.263308927047
-102.372768085249
-102.331456890901
-102.086657615218
-102.475095543833
-102.261948578018
-102.563544265171
-102.571497201074
-102.431291980029
-102.397374524997
-102.503085452863
-102.511174756601
-102.354284166326
-102.314803266622
-102.29439232218
-102.281941592752
-102.671196603011
-102.352856977531
-102.510611344061
-102.325801662573
-102.505660015992
-102.390853215153
-102.32012071143
-102.517657208533
-102.533211523556
-102.48353584108
-102.410322440101
-102.439690054622
-102.512618909767
-102.54676388181
-102.478480804026
-102.328849675736
-102.613011594897
