  -111.01035605
  -110.79110451
  -111.30134942
  -111.68405135
  -110.91032426
  -110.89109425
  -111.75735046
  -111.05848402
  -111.34688537
  -112.76340029
  -111.02640676
  -111.40720933
  -111.05914564
  -112.33556374
  -111.04417423
  -111.40480401
  -111.25271428
  -110.72533098
  -110.29893078
  -111.06284650
  -110.51254951
  -110.95277159
  -112.37157645
  -110.95912818
  -111.64025469
  -111.75077788
  -111.16270065
  -110.25657099
  -111.94165892
  -111.22912957
  -110.21779244
  -112.06561670
  -111.20111785
  -111.79896473
  -111.19938486
  -111.70859855
  -109.86946792
  -112.93153430
  -110.72336217
  -111.60768557
  -111.84740830
  -111.06868926
  -110.82369687
  -111.65961780
  -112.14870269
  -111.48525824
  -109.87124651
  -112.00146564
  -110.31506172
  -111.56247474
