0.0273942773722865
-0.00917030055225302
-0.048117382985754
0.0441815798776552
-0.0446774116023735
0.00100554405253924
-0.0719964332112868
-0.054348931363646
0.00338125329829838
-0.0481157050218657
0.00586268951293237
-0.0219208721064837
-0.0271440479652899
0.00710276581573538
0.00328670794112327
0.0304547852451548
-0.00778296811115647
-0.0217461130685523
-0.076002625395939
-0.00965829946211559
-0.0186666873321903
-0.00562401631637432
-0.00578231169299025
-0.04681490614725
-0.000131894239004191
0.00930557074410198
0.00418576330027954
-0.0494550679085779
-0.0440048979932161
-0.0601236262686748
-0.0222848157431425
0.0185467093716615
-0.0226658526755348
0.052512290373466
4.05647439681925e-006
0.0648781728352077
0.00987044921342783
-0.000192091159667835
0.00712183734399027
0.0617052082974547
0.00772822325827943
-0.0466009749631913
0.0171088712558286
0.00957029938308837
-0.0166222268256405
0.0315765002473993
0.0745669143026666
-0.0350561673412099
-0.0626896725980652
-0.0157278790663244
0.0137206936388841
0.00821753084075716
0.0412105013688585
0.0702401470430887
-0.0259999044864967
-0.0513998080040676
-0.0388927158456555
0.0477050152219004
0.0439718382173397
0.0244728015168862
0.0124684812420562
-0.0272234622703352
0.0480712858518701
0.00446650547746989
-0.0424722233521971
-0.0435786217161903
0.0312343993727547
0.0359723397991947
0.0683359701425629
0.0470553760660309
0.0588336442639101
-0.00608353490068158
-0.0208838438753841
-0.0664831775483165
-0.0110396493662932
0.0123883914194718
-0.0461845497742806
-0.0167495097777625
0.00535567961047039
0.0678415159368496
0.0236334208494892
-0.0128446048122876
-0.0334332658749611
0.0457453961225038
-0.0345979091658755
-0.0245259493700802
0.0215536517617617
-0.0367537566165008
0.0687188308885636
-0.0224054703588893
-0.00858585939137649
-0.0128073955868783
0.0480131112664559
0.0594148156138823
0.0466390234472814
0.029438554715013
0.0432417947008779
0.0396902604525763
-0.0206834851463146
-0.0118370962550949
0.0334445774565953
-0.0182405728841259
-0.0153893663877784
-0.0319051923350193
0.0166686406823907
0.0351711823050363
0.027048060901471
0.0718539082570238
0.00844079758620369
0.101451096479689
-0.0817680825223887
0.0224112767687184
-0.0114547066589166
-0.0196488364202426
0.047000917274488
-0.0350096741370813
-0.0236384009851115
-0.0144506940974081
-0.0413382650800236
-0.0158670986021589
-0.0386362935119027
-0.0225046126021541
-0.0273001586646467
0.0680481889885966
-0.00808972593839011
-0.0156047688692943
-0.00364442513389693
0.0242590906747426
-0.0179345203115323
-0.0367030782630896
0.0570466716494032
0.0128835318725942
-0.00387590196831426
-0.0186300935998396
-0.0320379155432131
0.0515153761884048
-0.0735370830748509
0.00700728236146525
0.0326329947593478
-0.0490713624439586
0.00816981457329021
-0.0195263967399337
0.0276983510786264
-0.0158119439774004
0.037440527918207
-0.0191359229315794
-0.0385059966067635
-0.057296896763663
-0.0132457532736731
0.0105735030440999
0.0120042072506675
0.0546949166339342
0.0237397466695424
-0.0270407948555042
0.020472915958577
-0.00699407075276934
0.0246198988261327
-0.0602019191096033
-0.0142019692131317
-0.00862115190026194
-0.0294036058990992
0.0199744602815701
-0.0226592238905661
0.0563122701035361
0.0161455759176968
-0.00877533148381645
-0.0196540472459629
0.00828238898348089
0.0842528724039742
0.0516857025113533
-0.0137744860923708
-0.0414699549642241
0.00114940307770534
0.0213310141180762
-0.00688074249812134
-0.00339363058915091
-0.0167009245247489
-0.11403929003799
-0.0370889854629446
0.0246230863285093
-0.00270155064285651
-0.00726268011185286
-0.0392833843981734
-0.00650056031966619
-0.00946641173062164
0.090541984448001
0.000530275325469668
-0.0111330925696054
0.0382061472752967
-0.0272615605820357
0.0065734478161174
0.0479955307013492
-0.0107751568829765
0.00615009802677315
-0.0338692194243222
-0.0587085967318192
0.0282989057284654
0.0736294207410988
-0.000860863726226235
-0.0238303109315099
-0.0469529489680771
0.0793185555788123
-0.024391384326636
0.0185907468471564
-0.0261260656798937
-0.0518209224126659
-0.0329241689484267
0.0636563466756301
0.0398333577417308
0.0381472257706486
0.0662891411033309
-0.0759966315018319
-0.0232616511806109
-0.043650522189923
0.0862855585256783
0.0166465625138918
0.00408478861592762
0.0138144897239423
0.0348460683651867
0.000442372078889867
-0.0382714427472071
-0.0241726693248184
-0.0533182453474699
0.0153495765776356
-0.0176678186655986
-0.0802899780016717
0.0841556970802587
0.00600950138955418
-0.0453422191388334
-0.028424484483104
0.0624709988048093
0.0707694809257003
0.00781021241426248
-0.0242490914099526
-0.0186996100298667
0.031687806356666
0.0309198511817209
0.0580432594042642
-0.0434216075741119
-0.0189631699908157
-0.0252807494794503
0.0015889406650351
0.0426425799692409
0.0394637259761087
-0.0573065117624218
-0.0106408201745809
-0.0252777307096465
-0.0882598878540889
0.0240622624499251
-0.0119890520925824
0.120159222810693
-0.0519090167954708
0.0106330604113586
-0.0812587521581285
-0.0285774926096099
-0.061979391864157
-0.0456053442521206
-0.0820707673115576
-0.0226681771738289
0.0307297772591417
0.0092184705631618
-0.0138750191846412
-0.0100201460169123
-0.00589819236852013
0.0120137713787755
-0.0167235054766727
-0.0363969743732802
0.105262430213564
0.130756811988344
0.0349558685869719
0.00406405879176679
-0.00323681222677958
0.0278217169763318
-0.0275337225406793
0.0246264526265041
-0.00404770825893441
-0.000379042593398226
-0.102886227309744
0.00884078308956809
0.0303711963989325
0.0104796447071724
0.0130223507849802
0.0236873935380237
0.0306196135435214
0.009240981656458
-0.0413454377240209
0.0291078052581103
-0.0094636798861284
-0.0298519782048814
0.0217505418492649
-0.026142958564802
0.00919419510625793
-0.0087992076543186
0.00439186764435543
0.0150925871783269
0.0096413194844059
-0.0065648717377899
-0.0292792376507919
-0.00807283998102111
0.00485154001480877
-0.0225470627938412
0.0655809464989262
0.0272580758714266
0.0373472948834709
-0.0143738481878394
-0.101647824082821
0.0416521646046323
-0.0554460466415721
0.0446350865176002
0.00632796718456033
-0.00796402684728333
-0.0118556955868157
0.00294408806807696
-0.00480891069394269
-0.00445515732328121
0.0168082182624209
0.058566465615662
0.0429189374510132
0.0125255474032486
-0.0118580116266064
-0.0210896760297443
-0.0179784327150759
0.00804759199661811
0.00848971768673315
0.0301288363794483
-0.0578712144680577
-0.00590094809405587
-0.0378861234920599
-0.0101164469170594
0.0374735181560736
0.0989308580852088
-0.0805499220212688
0.0822977106138254
-0.0553567088775625
-0.0092281597522075
0.0207767894815974
-0.00321396402053799
0.0308969357747422
-0.0179249333316135
0.0636386344687674
-0.115667797243885
0.0261313744755235
-0.0110421737092251
0.0171210461403277
-0.00645208864913827
-0.0329777222466618
-0.00989738291655928
-0.0167840442045225
-0.0112934117891141
0.0212256837396646
-0.0267838518578181
-0.022854511832746
0.0570758171055765
0.115164889164787
-0.0533491023024363
0.071600253331145
-0.0650642262025942
0.057273203793939
-0.00810446359997616
0.00135342916507796
-0.0064660128636613
-0.0160130900733145
0.0229186862475462
0.0356098397529149
-0.0150707278063245
-0.0607611288218352
-0.0132924839908584
-0.00366867965887726
0.01508613061541
-0.0179347027483934
-0.00199583721178613
-0.0245807371584822
0.00231652573663751
0.00246719804514105
-0.0232700145890184
-0.0605122578174904
0.147875312857337
-0.0431046259330392
0.00749717336446695
-0.0467257283441374
-0.0121728983227047
-0.0114512472170399
-0.0256167707927743
0.0208079273842976
0.0353291417627926
0.0061250307270961
0.0214150961014806
-0.0395186878345233
-0.00989812596582097
-0.0387689306738366
-0.0610609642709158
0.0740241449038172
0.134962389615148
0.00928775473924836
-0.0832353103705558
-0.0271803291838087
0.00142599449928589
-0.0316016134857292
-0.00644265423149503
0.019380118897378
0.00460645764293228
-0.0155888579654353
-0.00175619704025185
0.0212427195291305
-0.0397205022303325
-0.0758736225205963
0.0192089537116303
-0.033623283730604
0.0359279905512183
-0.061806598828207
-0.0152907764570266
-0.00100006795089976
-0.0289405662377024
-0.00106521558707995
0.0485441853867987
-0.0752524214069425
0.0036426381582429
0.00731240026939201
-0.0292834806038619
0.00990227291348085
0.00839820189922518
-0.0111912658738351
0.00165276094665623
-0.0290910774416461
0.000801249645395616
-0.00761957959424949
-0.0478726785365581
0.0235837442736841
0.0554235413580499
0.00600997880227746
-0.00121561641869365
-0.0058959436827203
0.0201139524466028
0.0110295795455139
0.00422856042156692
-0.00393019214266006
0.0318408094238767
0.00969093988208096
-0.0703127341685511
0.0622082741291944
-0.0485544891041251
0.0275488650654383
0.0091360493213415
-0.00657686368289164
0.0519009993040046
-0.0517706633816927
0.070226716489134
-4.81120739581087e-005
-0.0471725394842233
-0.00361501218294532
-0.00948350388657075
0.00270539905654775
0.0155762233978717
0.00658802899920791
0.0119194130944947
-0.00491161916649355
-0.017665426085342
0.00466444253302845
0.0107964480849105
-0.00174680354135073
0.0388456853525313
-0.0280067331803135
0.0178577898154527
0.0303123572624312
-0.00801227760307078
0.0129573224850887
0.00285878338825914
-0.0608329817496863
-0.0212197274751911
0.0335218529876247
0.0346413401298607
-0.00153780405304978
-0.0111324269648801
0.0723091691957923
0.00363470696885162
0.0239095204566698
-0.0326097339332512
0.069900167129802
0.029956162036945
-0.0601523127549097
-0.13271963004913
0.000938656367170534
0.0843543556339379
0.00909889400812529
0.0632066359552353
-0.110825689884067
0.0216779902261405
-0.0117846808485022
0.0299338724417403
0.0652959774228039
-0.0317191737184484
-0.0161350982687518
0.00724606309887516
-0.0366908681106173
0.0247672601417882
0.0157236577395911
-0.00937505611174114
0.0138352170990945
0.0516531417175427
0.0944860421856389
-0.0680153838664395
-0.00251703189472597
0.0321215476536534
0.000131407003385595
-0.0223123633802942
-0.0582069781873261
-0.00854225528389973
-0.0449749800732103
0.0240401303380944
0.0127903550239634
0.0799397568227365
0.0782269082775815
0.0463265806086002
0.00777697977591194
-0.00628072154586227
0.0157889295888764
0.0176073037863173
-0.0152812310389936
0.0603993317440999
0.0288286936156583
0.0154648095115451
-0.0146328067163012
-0.0296187005908306
-0.0619009212517847
0.0384000990730833
-0.00858431200154403
0.0643459830667209
0.0253551187426163
-0.0244533414990717
-0.0882234604500093
-0.0253590989048186
0.0757844728444739
-0.00875838105568555
-0.0900438658169959
0.00644780371860993
0.0248917535997422
0.00816480511613765
-0.00321150566632629
0.0156076367071643
0.0128633096165459
0.00271909716264761
-0.0306702171135188
0.0427980366244623
-0.00099817904009657
-0.0790339979552684
0.0362036369272974
-0.0106955733953991
-0.0646019870963226
-0.0629118628773517
-0.0230846764953154
0.0493883721488471
-0.0553444593553224
-0.0391150222847266
-0.0127846151921389
-0.00695829365444484
-0.041216725138306
0.0610395886328755
-0.0469080966439803
0.0169736678451248
0.00769812063466328
-0.0171943438467604
-0.0241165917452135
0.0553706672802334
-0.0565554380850367
-0.042474257010058
-0.0614508673836877
0.0184570324505493
-0.0091321277889923
-0.0354821408335396
-0.0290667211610131
0.0114709114518877
0.0984692517642931
0.060427441528381
0.0409806068167942
-0.0730508062300125
0.0774966250006233
0.00440964830691555
-0.00677461210253214
0.0208748670713398
0.035516578954021
-0.0963413257914476
0.0240860034282027
0.0124772055564912
-0.0542078161458505
0.0863125687066869
0.0102183826368743
0.00607250003753675
-0.00216364214111051
-0.0146536122175901
-0.0491768565671751
-0.0609980824437967
0.0136404551099323
-0.020112190606622
0.128811531483445
0.0131499277423557
0.0429434609552211
0.0445173032365964
-0.0225925024862903
-0.0248809336155
-0.0315929711230603
-0.0289889241682971
-0.00612534580023905
0.0251105598280717
0.0475850975131772
0.0723908128045545
-0.0371661201500733
-0.0248893032934067
-0.00341471643821702
-0.0740248941991865
0.00470381034756104
-0.0228848357937178
-0.0217693027807992
0.0577726145685358
-0.00404290743051023
-0.0398170426015384
-0.0616612636974707
-0.0268876692154709
0.00101499630263247
-0.117543926835348
0.121373978757217
0.073473582559879
0.0138021465257431
0.0324919783953262
-0.0290532445460975
-0.0917734911698826
0.0150776003364423
-0.0925417170636765
0.0535776264956339
-0.0131315555576916
0.0307888138718271
0.00511045303882767
0.0080158488919547
-0.00574442702606159
-0.0483254231247869
-0.0283479326231283
-0.0108297653645293
0.0307522979482629
0.00173088105813051
-0.035377083947334
-0.0378187260411505
0.072993639504156
-0.0440488003672283
0.0102573688941399
-0.00172417537896066
-0.00103927928005738
0.0112289798156311
0.0144120585643237
0.026837766537017
0.00917302733283802
-0.0266703945119206
-0.0252230077318915
0.0698472379368083
0.0517729029861811
0.0300931633068648
0.0321624555297983
-0.0142149601413457
0.0163484720749958
0.0169303703465792
0.00240076765725813
-0.0118540045469927
-0.0403945968903318
0.022489867165639
0.0860496884192737
-0.00305707145810082
-0.0136552525006719
-0.00291754394668124
0.0252541641675156
-0.0696144500858266
-0.019109798052811
0.0141289926150129
0.0180416331928869
-0.049048589513907
-0.0507341579761729
-0.0162675196850246
0.032621414082684
0.0142685978685497
0.0421174215897085
0.0271107385843612
0.0807411973157905
0.0303970354091364
0.158646531854393
0.0427222108349684
0.0770932876970329
-0.0443188503930683
0.0153174170744072
-0.00821591363108944
0.0361035432800969
-0.0200165651312166
0.0186663952236399
0.00780879077765768
-0.00300046139608783
3.11382607852234e-005
0.0221161201997637
-0.00816618667417198
-0.0236953859763429
0.00773486082968119
-0.0154086054335946
-0.0470888853996251
-0.00691441284720094
0.0181500853891198
0.0280856114484005
-0.0506220430425509
0.0232227270857285
0.0489899810339508
0.00585817454076215
-0.0708795142293393
-0.0142375791392272
0.00467686871824246
0.0420229434454658
0.0187681974805991
-0.00252734911463951
-0.0130854121907374
-0.00925631594968767
-0.016663626510303
0.0351218247448417
-0.0810875933971321
-0.028695080178755
0.0245351694553034
-0.0261700750986586
0.00522488478997377
-0.0100051210839925
0.0383630773199799
0.0126283901279519
-0.00111659223680149
0.00266329235365413
0.0028340107156877
-0.075004068712285
-0.0980662744116295
-0.169006655430376
0.0880173110141999
-0.00484942639920243
0.0111996258138257
0.00671670845846802
-0.0307313523604489
0.00642870685057219
-0.0196541231055047
-0.0136621521341356
-0.00979787681980609
0.0348462357417619
0.0295583415851648
-0.02817027872051
0.00960616664119344
0.0109019583131709
-0.0163727100150911
0.00702600845472119
-0.00908579526350896
-0.0215235784124177
0.00310892836435197
0.0246573046756377
-0.00465654045836382
-0.0401301973421516
0.00575882072683634
-0.00714722806870144
-0.00355265242422399
-0.0109521467210228
-0.0100927501944452
-0.0354167143655745
0.0324665876648239
-0.0290499001014338
-0.139189768076269
-0.00801599606588346
0.0955292031500222
-0.00581378204769832
0.0498814034877403
-0.00196821504547472
0.0657503905369507
-0.057017442637642
0.0110052310374617
-0.004278674694423
0.065652433099693
0.071744846564396
-0.00778064199367804
-0.00503946505176197
0.00541425322981706
0.020895126057834
-0.0181085800777532
-0.0343411167092999
-0.00507799327621641
-0.0105262569818614
-0.0091298168009797
0.00930626394759919
0.0560111519151002
-0.0029430825141777
-0.0465030880565583
-0.0474454444315914
0.0386148205854417
0.0069890179782664
0.0400624199912353
-0.108022453350303
0.0685865909863926
-0.0612400842906222
-0.0569652525631106
0.0201315440910779
-0.0426943439226098
-0.0319280498370793
0.00190754115508858
0.0555767737184761
0.00749814508546522
0.000576059414630611
-0.0755057933648116
-0.0253660626331358
0.0150597338699667
0.0320207265131519
-0.0035430081244231
-0.0192586626278565
0.0413097099060073
0.0261106731870733
-0.0335687612632293
-0.101843351759235
0.0578430158178228
0.0755769233588869
0.0585685777908186
0.0693025106391987
-0.0429268170863324
-0.0182661310199968
-0.020552533009871
0.0219821024245456
8.53965702629217e-005
0.0158462760434066
0.0464411342203464
-0.000826692602037939
0.0045140806333434
-0.0100662842365833
-0.0183604671112726
-0.0103617538264986
0.000383512647519629
-0.0180451457340666
0.0171871036394398
-0.0867341606083744
0.130427938335151
0.052443549395464
0.0529973059389165
0.0242135546982298
-0.018084214210465
0.0051003097607403
-0.0372611196963464
0.0585197218399433
0.0153970416945908
0.0102368292021872
-0.0139586384549064
-0.0112695482295729
-0.0498292480792396
-0.0637258634302098
-0.0364185093157638
-0.0139130325361817
0.033740664737493
0.0192774450173709
-0.0176528614859981
0.0443729238923978
0.00563212324360777
-0.046818986901269
-0.138699644653982
-0.0372608493536058
-0.00817412869095135
-0.00909329790811984
-0.0224803391057306
0.0499911276613718
0.0384057547515604
-0.0284672318538747
0.00185551530830997
0.0145357452033527
0.0058517858944188
0.0255389790276127
-0.0093792972190535
0.00871667155497902
0.000628041323614299
0.00281215734004197
0.0224147643016752
0.0308137257802717
-0.0129513314280252
-0.0607212601043189
0.0368943530676614
-0.036625961827178
-0.0110979796570176
-0.0235338270676779
0.0242191477894007
0.0250089503960715
-0.0422464478885785
0.0478805856309363
-0.0109362389619401
0.00284115371455474
-0.0129872593412846
-0.0248097036123924
-0.0064597995894941
0.0444038639896344
0.00275142381270239
0.00135971744029673
-0.00933418912598437
0.0320379492061147
-0.00445411841462587
0.0264590248236951
0.0573202437928871
-0.0133973778165478
-0.0235074925682532
-0.0390439969278557
0.0429456160908132
0.0364033505447801
-0.0458576711238475
-0.0372943097345213
0.0269923116016523
-0.0120073069819778
0.0303097743999564
-0.0071801389916744
0.00893589872762717
-0.0252351460025119
-0.0460931931161374
0.0194853353852892
0.0816998737004922
0.0443677073192534
-0.0430974035044676
0.0589595814370002
-0.0454713245790301
0.0408721695085827
-0.0659736125300742
-0.0210200374315518
-0.0489304746570703
-0.050781375713651
-0.0166369774755753
0.0857936717871997
-0.0310820432294028
0.0413862762123016
-0.042175502417016
0.00121407028077181
-0.0611298820924411
0.0445295397504512
0.00186811951632058
0.00685664402934988
-0.0331336441005675
0.0156372623589333
-0.0112202337850532
0.0101554035987845
0.010271856818005
-0.0106488859722792
-0.00258708805642494
0.0441983642288731
0.0640173267091551
0.00374434846562529
0.00247917620803974
0.016225646572094
-0.0018994401965326
-0.0137614963400669
-0.00121310343565439
-0.0202965966627722
-0.00774110734541741
-0.0293082345452516
-0.00132666477515276
0.0351891919358844
0.00520104971683856
-0.00604358808102382
-0.0575623734740133
-0.0357241523155902
0.04443022721514
0.0340009791737764
-0.00814161451733164
-0.000214912456388393
-0.0641246226188922
-0.00636763771719851
-0.00201712522636363
0.01233680029021
0.0083365579863607
0.0322274050577942
0.00357763396949085
0.0390252323631817
0.0620110018412404
-0.0317904684534806
0.000300561359851717
-0.012956412308081
-0.0283867747496547
-0.00793642659401288
-0.022765260320159
-0.0561767635849822
-0.0989363368909488
-0.0239377155702052
-0.0429228773083814
0.00342861264094759
0.00253679254523377
0.139055589396403
0.111687186637712
-0.0618358031600138
-0.0692225322970641
0.0190796979758357
-0.0234756702631871
-0.00424571710966087
-0.023302663032302
0.0250130367679831
0.0153702269914663
0.00958863820281492
0.0323275051186103
0.00475267332757292
-0.00454498198083758
-0.0122898614816943
-0.011539036511527
-0.0297290314519191
0.0335241221997476
-0.0121599784293759
-0.0185127823364023
-0.0575156624910371
-0.0151690945217647
-0.0232763169241886
0.00894184929833391
0.0116683144920123
-0.0260796746783268
-0.0472821914527355
0.00497402821196882
0.0425888000814966
0.0635653749421611
0.0249115729226523
-0.00202349168476806
-0.0243935761202631
0.0910226093057858
0.105490618290604
0.0410725703700821
-0.109298023587352
-0.0921441411678963
-0.0132112583636138
-0.0158015579671426
-0.000409849430627992
-0.0372011586907384
-0.00766108359313348
-0.0513058778573032
-0.0570531117381268
0.0782530231749684
-0.0701247299942451
-0.0249506457546933
0.0408711653738027
0.0192642905992535
-0.0783551445741816
-0.0107811304747341
-0.0215708372835876
0.0333425449662673
0.0314844248493617
0.00664942207072011
0.052139980381788
0.0156872177075434
0.0453922405659243
0.00791689003935135
0.0205961743243732
-0.0314123542443222
0.104504768493788
-0.0928593766094246
0.0597447153602843
0.00608832206935052
-0.0154779835291744
-0.0206396794521798
-0.0354815598514529
0.00780374030458478
0.0448355208404798
0.110422459616859
-0.0159625719208794
0.0845131260168861
-0.0266524578244373
-0.0197118606961719
-0.022141460037331
-0.0562771337439697
0.069138436991917
-0.047498027964793
0.0607951505708497
-0.0380458252273034
0.0494521367054923
0.0103427424946605
-0.0268384656789357
-0.00582593187343386
0.0259064086152011
-0.0267074869756641
0.00500399684084398
-0.00598506002552119
-0.0248249321070965
0.0581691803362656
0.0160287010711437
0.020085014808615
-0.0114655575714283
0.00848525511750444
-0.0182181931598554
-0.0109407912009254
-0.0240856751461204
-0.0278107726692824
0.0277816629876676
0.00696016353803636
-0.0441723891208303
-0.0134307938114345
-0.0482482545124497
0.0700720931574639
-0.00110214687809846
-0.00105979524677131
0.00379487484323052
-0.0128775762217421
0.0228366279508533
-0.000812881045213345
-0.0133065996440727
-0.0526525173299331
-0.0139670472322871
0.00639788358753934
-0.0103336191325601
0.0506057418581868
0.00727449895356549
0.00708664057614195
0.00861929971596718
-0.00291779730029073
-0.0155808320906812
0.0145351653538457
-0.0138286483667379
-0.0241871522244076
0.0255350549335386
-0.0126092987184278
-0.0324174006970569
-0.00163331964684409
-0.0075109747973758
0.0969424405566729
-0.0736255880633302
0.0729270515378976
0.0174268820542316
0.000758605371077727
0.0102221599573689
-0.012042858533062
-0.0186730050282171
0.0153555713901626
-0.115243598363804
0.0655384810761681
-0.100980432784299
0.0222832659875135
0.041196180931676
0.0287227746828407
0.0108603744522516
0.00609064803127672
-0.0420735817203724
-0.0481870906229502
-0.0211549471978453
-0.0218531216840726
0.0771486512434323
-0.0196243975478554
0.0930861301410665
-0.00225768981104589
-0.021525449060704
-0.0523899304581692
0.0158361320530547
-0.00564132416000915
-0.000811687966832816
-0.0847194849147265
-0.0903301761222081
-0.0555261507911424
0.014273773819427
0.0205869313114667
0.0175865191209603
0.0340248893274779
0.0121384126357717
-0.0538851010210936
-0.0534935599525981
0.102833437755891
0.0119060617216023
0.0832564891752355
0.0312162582593059
0.0294504948466759
-0.0185461034481101
-0.0487805224020733
-0.00640567635506801
0.0773043950274315
0.00273895271747984
0.0186404742886419
-0.0133381251356406
-0.0276617117562021
0.0131666542188474
0.0196385698340703
0.0112245331704981
0.00715359688160935
-0.0548365910336981
-0.0636749762913359
0.0806304016689477
-0.0152000086801336
0.000235675206891077
0.00561996642470198
0.00529386943934893
0.0472444077099436
0.0228824236449723
-0.0103811919467841
-0.0721406862568022
0.0852044977339028
0.0117917589325447
0.0277481107558553
-0.012410022407433
0.0638359132838205
-0.0343721777665966
-0.0239067926582126
0.00853591882137727
0.0533129480827971
-0.0276776141266992
0.0621926294248095
-0.10131509714753
-0.023233502293921
0.047732133319077
0.0746906708410876
-0.0298483974729642
-0.0333280610465102
0.116169299775229
0.0598483604734385
-0.0276989877101449
-0.0651192861250257
-0.125945665380103
-0.0420655431019906
0.027672934909162
0.00282594396315856
0.118536350131609
0.0543556382252958
-0.0487785202164568
0.0221780173529559
-0.00205804813040644
0.00661684205609971
-0.0573881901498917
0.0118145904802165
-0.116386964955523
0.0126518072330684
-0.0010849732913918
0.00115628925132365
0.00481231540099932
0.0191419762522963
-0.0117242579289219
0.0297909537224062
-0.0139252898381351
0.0145910741042231
0.00276156208040888
-0.0224209405552892
0.00136015523250075
0.0158039082708239
-0.0213174876316379
0.0690013581335829
0.0500249842731398
-0.0577018653399038
-0.0083072954881726
0.0118343900767626
-0.0201017943481659
-0.0276132639437698
-0.0746905576725141
0.0808844113228233
0.0271930242900157
-0.0279788346389916
0.00699765071052272
0.0242668440160461
-0.113151900804248
-0.0276911236847407
0.0264538078908884
-0.0213847344665254
0.0540790604512013
-0.0691929877858038
-0.0473513397877871
-0.0153118057280937
0.110616027815231
-0.00737930700168415
0.0063669256820302
-0.0457967810750828
-0.0320612999884459
-0.0434864622001546
-0.0156019467382352
0.00534000510918175
-0.0063132593490595
-0.0146399477723973
-0.000211000957145005
0.0370313836272628
-0.0201239554961604
0.0625891294943511
-0.0380166533176805
-0.0241567844125007
0.0189841025729949
-0.0241217930958392
-0.00896110813861763
-0.0214175763816528
0.06727197121613
0.06361586862376
-0.048825054717699
0.0176514113381172
0.0133140549090319
-0.014680863768795
0.00871345201669513
0.0174547749072314
0.019451836373002
-0.020085171553231
0.019594219769956
-0.0466295434691358
0.0175667997005364
0.0171066544597201
-0.0108346002969863
0.00769663031101799
-0.0266091764560133
0.0156863902937146
-0.0163617641544452
-0.0211550746373365
-0.0130728276879475
-0.0619022189038775
-0.0150755338848626
0.00868330078826957
-0.0182803046776125
0.0213359664079167
0.0379119247655461
-0.0417210395087982
-0.00944232589243956
0.0309670932729363
0.0677583198188962
0.0127927033898914
0.00619731573655601
0.0194900948263828
-0.0052239429937091
0.0248324535413003
0.0116041471446445
-0.023852539263658
0.0147458921522517
-0.0074807408967729
-0.0103219645213131
-0.00765506979906944
-0.0577832547109925
0.0252299503414131
-0.0190028889736347
0.0173616939959427
-0.0358857364942393
-0.0224433591926125
0.0667046731936826
-0.0115589661950418
-0.00461767399598994
-0.0209888958949636
-0.0114058279322125
0.0680451203983531
-0.0339570764516671
0.0198446617726269
-0.0594199663137145
-0.0329373773494486
0.0387064163098913
-0.0383329023760627
0.025448957739826
0.0510555335622221
0.00459962407531787
0.0106709821512604
0.00034079235838347
-0.00894662110887047
-0.00361778966966772
-0.00424943256396821
0.034159100342019
0.0292885211988489
0.01165700056093
0.0233229733098227
0.0464386153275047
-0.0354487999060882
0.0103458335862713
0.0464435265710013
0.0128939172317175
-0.0377108467841268
-0.0700873784435389
-0.0312294513058986
-0.0211810857337553
-0.0283906624820889
-0.00880818066491425
0.00470112023258573
0.052549712909908
0.0271590975873859
-0.00831525921046704
0.00185227789694732
-0.0400846520950678
-0.0100176246577513
-0.0196044533941405
0.000508229896236763
-0.010553056850959
-0.0340197499175303
0.0285459785390493
-0.0247541205522925
0.0174814957057395
0.0174887410971601
-0.00639635282678004
-0.0371992459863616
-0.06050542381771
-0.0389230391483963
-0.0339097524777291
0.0254743960660631
-0.0590394936472146
0.0190363492436817
-0.0288234611515345
0.0417410698079456
0.0375846568616731
-0.0289981214555267
0.0203048258706071
-0.0372458843546362
-0.0227146035641298
-0.0115160252906669
-0.00318306692461256
-0.00473657075581136
-0.0167409295758887
-0.0263115724600488
0.00927475573519584
0.0134687305287097
0.0197038684264811
0.0112515402633277
0.035269695506416
-0.0564919124833753
-0.0270500517754445
0.0127592484483122
0.0442411037855841
-0.0548324721391846
-0.0741672056484798
0.0538236825672332
-0.00238084207105642
0.0534479435635914
0.0129140914183806
0.0233277313394275
-0.00793517051910643
-0.0290625648906668
-0.0905673516080426
0.0027076564369275
-0.0554851680913804
0.0298501359902865
-0.0313481379126715
0.045304511806555
-0.00252162013016885
0.019238874434915
0.0162543385959409
0.0720964180924493
0.0808598825277712
0.0185450457425553
0.126405961358114
-0.0323816930883065
0.0352731614174413
0.026808064630838
0.0758444348425915
0.0215881207438248
-0.0232639451060418
-0.0507878721454329
-0.057674576820404
-0.0198598129617156
-0.00692188497197196
-0.0837639903842081
0.0200434689990036
0.0640248227708181
0.00581438725821818
-0.0183064163031351
0.0022114663399597
0.00853951260546393
0.00128878902291969
-0.058432915216538
0.0530945419924669
0.00525908531289769
0.0134245452138188
0.00827154092759114
-0.00882131128977679
0.0294075504717091
0.0304702007614965
0.0174924429589057
