4.5915092455878
-13.290027672889
3.69976833513798
1.27015353075974
-1.6129400828551
-2.6209292799629
0.849899246144505
0.647280352515006
0.0344087996701329
-1.12760339195833
-2.17268733289074
1.64217591288042
5.93275235158928
-10.4278544795919
-0.524542463182016
0.464350897349545
2.57787682852221
1.23362494341835
1.63421665488666
15.4857095410378
-0.359850908750432
0.702377895424546
0.191907789504678
0.752190009603437
-0.143586586672294
-0.316908024485777
-0.268555811326435
-0.457529239167462
-2.58155887586802
-0.611270774772163
14.1484768386769
-2.66100157637933
2.69902014021919
-1.27075734430829
-1.61471130726846
1.05625818207594
-20.5628725831748
-4.35085083640999
1.72455238996211
2.18842232991766
-2.16255508217858
-3.67505109904013
0.904654288763163
2.03861962527727
1.72006075997626
0.63736234790156
2.05309423182848
-2.5555846267293
4.3601231680076
10.3955480484802
-7.00652207152727
0.0238441298952617
0.0277386303417653
0.0827508602503527
-7.29689280986856
-3.52756284625212
-9.00974981039104
-13.1213865918407
5.61461528812905
-0.575605356181521
-0.00661223398453623
0.0656773992311454
-0.0291355038297364
-6.97292949390864
-8.77726342257149
9.87856056651155
-0.761824305086116
-0.889682871703029
-0.903747285763586
-3.04264648850365
6.08228043868408
0.0223262956870684
-0.74357303663753
3.97859780612108
3.31113300221432
-0.457390074200638
0.865693599704563
0.227241585146211
2.41436340580137
3.13463328293189
4.98605878914336
-0.264416962099576
-0.301057255771533
-0.430081727788772
-0.698195295130437
1.37843359217689
-1.63962537584422
0.663005590649543
-3.892606494145
0.643779903591753
16.1060683808292
3.93914144479769
-3.58486968443836
0.0366361343571996
0.102420261976348
0.0812113040394476
1.16245554490465
-0.69922801860494
-0.0302946173375448
2.63167146957999
1.63997047176273
-1.05979272095533
9.86398710945994
5.39731692738492
-30.1637401696448
-6.75683405059214
-14.0188605072289
29.7565604803398
-0.281266455338473
-0.213138657891876
0.157048500095847
-1.7708586205006
0.513957631216399
-0.258433167658839
-3.63153490101096
0.657472631526803
5.69190959792328
23.1445661687789
5.85260320943959
13.0465209221523
-3.90624886117676
6.31915223523204
3.49835001916287
-17.7236339727089
3.9574629061847
-15.0175888605361
-0.396633624286033
-0.627575826104613
-0.4566845074354
5.38904834132427
5.37518390085789
8.00866270165584
-4.22126842057958
-15.7005990050297
11.4392593967314
0.891776584396037
-0.135783547573895
2.38037454802515
-0.886628145296376
5.26361299917772
-1.43915549082689
-0.0380619609831981
0.708715753092129
-0.404153458574144
-0.810697498860037
-0.698251296406783
1.10380367701826
-0.281514992513617
-1.81747053871346
-0.384134490564564
1.6692802751418
-0.590735851458604
0.52818367458171
-4.02830769232665
8.27821296049487
-9.42235902355896
17.3516418835018
1.44815697632188
-0.561891292017187
-12.5475748940986
-2.38543074128788
-7.24513902497621
-0.984581525459508
-0.519914454928906
0.869809022468194
-5.17410061725225
-1.18340693817978
4.60222248569292
-2.64800196993201
0.486834338362196
0.680878543796492
0.14587803446404
1.28427181570823
-2.23758930251904
2.83300515478627
-3.30766156370126
-0.849426798488061
9.19517242080391
-6.42963807012223
0.795765640085186
-5.5168512171555
-7.19888953931894
-5.41591558458896
-0.750027785199009
0.789698939372444
-0.744813916804852
0.644690197629781
1.05824229557877
-0.419358056540842
-2.56854597950123
6.49571856483845
-6.44887872670155
0.0970213708212681
-1.39271372688074
-0.046288581248068
-3.94817337515902
-5.94580506964376
-0.69572666795581
0.528221559261043
-1.1724482913082
-0.31504450475269
-4.6475678667543
-3.29573807601614
0.69464183848804
-0.131333172074276
-0.487836103712394
0.681816717192442
2.75873284206783
1.97412046910094
8.00800834025763
6.14820304916329
-5.13501125017408
0.469327624067931
2.09826432778346
3.31721590086069
2.1281785544492
-0.0849239096693606
-0.00542685982593613
-0.467411834975035
1.29772806126593
-4.85226601335195
-1.35534963281418
12.2354586279281
-5.94664259323435
-4.25535917545059
-0.0853233833306936
-0.565396131179103
-0.0624427487955691
-16.5237377886987
17.1478653740379
-8.66858221354491
-0.116277330918852
-1.00478631849362
-0.46379037039328
-0.683173064642245
2.37570521813833
0.965680128569625
2.91393147705603
0.407985325427227
-5.48980889878869
-3.10641904021105
7.08262045634346
-6.45351069205425
-2.05236069830896
-2.45952155061366
-6.11921093721794
-2.02208564920037
-2.63886424616746
4.56499055416486
-0.177220262356066
0.934188719090453
-0.764251444254634
-5.52276193506251
2.37352453119941
-3.20539482588404
0.123233140357091
-0.476423113650695
-0.0267783830086798
18.1912691978563
-15.9939910016755
1.60911872575191
-0.735746435598273
1.64707163281111
5.80596246106139
-0.240550548841174
8.70432724058892
3.29796358463258
-0.721235216930652
-2.42938125347881
-0.807375436324389
-0.281575453529498
-0.0241476231285019
0.249911755069441
-0.310005489762261
0.568298203450535
-0.875488737568691
-2.98108910113189
-0.0157122551120996
-0.62906020717349
2.39681026129522
2.95353360452864
1.5227034937491
7.04298597699808
-2.0078727626195
5.65293577923308
-11.4603001696734
6.36352756468882
5.04963573551769
1.72221093867343
1.77143440512064
0.916810056786787
1.32891013855956
1.54561629801263
0.535638702888053
0.252106038454081
0.100962300837241
-1.474425740931
-5.75364709015791
-1.75408373975582
-0.337404138638045
0.518440269117942
-0.094113515609216
-0.0572325517861366
-6.8967689742699
1.51509678384354
-0.402247209583506
0.872900913955684
-1.68503140215974
1.64199541765822
-2.07240534509936
2.39157409516302
0.680729411419976
5.65283664247791
2.18309923134667
-1.30566927304765
0.641748355408889
0.834451354557871
0.491395127312431
-0.751068502912503
-0.515006244243515
-0.614088833777845
6.74424359124231
8.24097000216492
-3.39309074519755
-1.71397126794905
-1.82120432923221
-1.35863159489527
-5.69043645165912
6.08463922885724
4.06827151029724
6.72298440799378
-0.955424329054834
-0.557256110069919
-2.79814940130635
3.13534734768801
2.00973433171914
0.631495404789464
1.32692787745268
0.181736146472646
-0.885881660703511
-0.739017986916711
2.08449488685188
0.728715002725072
-0.594433228052059
-1.47968041235056
0.49246628992762
-1.37993966197326
-0.877946607656979
-1.05667994169535
-13.4099586487106
-1.93660868249992
4.18572061253008
-6.93229003293532
4.15044742024072
-2.87118054481431
3.41140571321237
3.2586911267474
1.59441395481297
-0.190134634720942
1.17858125211464
3.96521342401261
2.23063816758584
4.5034831418441
0.279026289035242
-1.5941414222235
-2.98636724017025
2.70380789935859
-0.116095650806683
0.737242124179797
-0.511422508580309
-0.772799815608315
-1.04354216584158
-5.16119479953706
0.445280817368255
-1.80427529125615
0.10651822216907
-0.462062136499824
0.876078453849552
0.469854117095978
0.608589853951015
-3.12214569307372
-3.45080602365554
-2.8102966986594
-4.56471681960652
0.845185059180484
-0.486853673589119
-0.544441883099662
-3.08545686939482
2.34630479138636
3.50163663077185
-0.194168436704319
-0.347057190899873
-0.505109481030481
2.14573904761309
-7.0877696292326
-1.2369619169442
-0.18066679926195
0.537029122775253
-0.157551153373117
-0.824174583013067
9.91193517149003
-1.69968050701339
-10.1896078139135
4.26592333689101
-3.9620377716772
0.286687822904938
0.55334993183491
0.621119055500496
-1.01744992536064
0.073219442316962
1.21765214435957
0.412406593464039
0.64300192904514
-0.0695311268139635
11.9187579402765
1.99405287413962
3.6238050411072
0.370511542171643
0.375676722713028
-0.516009175987449
2.20023596241783
-1.31109933639385
0.991373218434241
0.0641993431408503
0.0489989882167346
0.25557351047367
1.56413290283226
3.06930091073163
1.26187403026512
-1.28777101383878
1.66853421431045
0.801540533459622
0.0358052951283424
-0.0855466353008794
-3.0557352184503
1.09733636412313
0.724585189595747
0.00106262427721221
-0.232912944847641
-4.16040610084089
1.19903900927622
-0.0231790261050414
1.9200978282076
-1.42274489149859
-1.41511294642132
-3.51840022357459
-0.992764574699159
-0.761874185125519
-4.185274494579
3.36920137152982
1.10052701963878
4.17169334540884
0.464520767924974
-2.65211684736679
2.148090936293
-2.09318005822957
0.129726549366428
-0.556153766872065
0.230542255157623
1.53411571362623
-2.3613061006724
0.177483648252871
-2.55305868238613
-0.612502539427975
-0.383788296923322
-2.12420098299903
-2.5935212497004
2.3282458450627
0.736768617788351
-4.28653641364166
0.419703982064368
-1.58728980563629
-1.06233044441307
0.253503192292862
1.24297261173394
-1.95570057596698
-5.15699074499582
2.44393247696805
0.158663639749036
1.07864994052581
-4.66705819163528
-0.484791955811546
-4.9755115954345
-0.169393547135995
-0.470681297465935
0.308815595247384
-0.271326942968204
-0.735502146805048
-0.055585257604604
-4.38304987773299
1.08635289348026
2.91895498466756
-0.273359227468448
-0.00506945113573481
1.51618022289007
-8.72043840095665
3.18314250075662
-2.63786625376904
-1.9279055116895
0.755903749774071
-2.21474459906095
-2.96513304179765
-2.59697381363777
0.152308233392158
4.45148861003413
-23.7433461010191
-3.68269637737682
2.89067068793677
3.4103825830937
0.198994067782299
-1.66765328747049
1.32606557586067
-0.566846114103718
5.84171898370179
-4.33413224104231
-1.23506996461212
1.27162734128551
3.18400966865383
2.98722740432725
1.63327434110366
-3.02052157289237
-4.47765805615272
1.91574860379718
2.26913556985565
1.10287780499135
4.69524591867553
1.20165629471482
2.31537231244531
0.624501457260691
0.455838874821678
-0.993948857226149
0.0900551827677085
-0.0410737543481598
0.719250789470511
1.24463482499426
0.905357385661064
-0.125503680835931
-1.837784430628
-4.93582368368152
1.37029863912936
3.01272044326357
-1.03816385691389
4.87206641139885
-1.87215554103954
-11.0550578628938
-1.30978724967626
0.00355106743487696
-0.845268657806549
0.42651817392321
0.0109622705667752
0.154196751556325
0.352983758728689
-0.106339348256055
0.125694848754524
3.3389264354409
-5.58009967343417
1.40415372692485
1.73267361162077
0.327101901222887
0.249852889350495
-0.293697661143724
-0.974809880677323
-0.510347163418493
-0.896433524060868
12.7880531032084
4.95438543012953
0.267236868078021
-2.49099619530256
24.4899675100973
1.26117806558243
0.913787283605979
1.4023968763021
0.24292780536001
-3.80763892266695
3.25826042908471
-2.61944199341874
0.403811533706667
0.172389734089002
0.554699242073239
-1.34647347896113
0.359523961783524
1.54289517703036
0.770567680518519
0.921505957754611
2.27780251809403
-5.64964707561485
-1.72554633124968
5.42142843818193
-0.334266599774003
3.2094070933002
1.34267246843499
-8.98738189575893
4.00483771529719
-3.36684234827502
9.42281678894384
-2.63027118756263
3.88963696049588
-3.41855864721996
-0.594496734828105
3.91060774795803
2.99140119720995
-1.30928155419236
-5.24330640616449
-0.980482691991551
1.64280174766561
0.30176848267082
1.5054841877608
0.538049896430193
-1.7724344770072
5.73231243892793
1.10078329848889
-2.66754712583554
0.494095733758428
-3.30142722098129
-8.71602644990984
-3.20127431760433
9.30766769293839
21.1890933505838
-0.181500796157771
0.225746255268636
0.743593661506674
5.56516556535877
6.0182447747692
-6.2388784248508
5.89134018595915
-2.85536300834039
-1.35163817492486
-0.0242853628320741
-1.00068371826671
-0.633096393057893
-3.59737428833296
-1.06460951213315
-20.6683131876855
0.129939841342286
-0.614059492916321
-1.56011999639313
-5.52214878290762
0.0206048914881935
11.4014299032476
1.71956484780643
-0.365378465133501
6.40906090599722
0.585763558865916
-1.65246053651771
-2.0702661856563
-0.00300055686452181
3.09537911332038
0.133049622211057
-7.60986684307998
-1.53179673887818
-0.495960549824788
-0.0973568558446693
-0.371561123751616
0.177190481719337
-0.727345474713804
0.0457109340953555
-6.63402796099038
0.799139236939784
-0.902853432169493
1.49200733950927
0.522348451345051
-0.689290059505099
1.74009003654809
1.00386453715899
-3.70786312383137
-1.14455547356272
-1.17695423001184
1.42964208192851
1.62158190414036
5.32030211206749
-7.77535290836028
-1.58559508626422
-0.0106857375160153
0.255412938990621
0.0395507181590639
2.08307049135297
-0.921376593148652
1.77197845268894
-0.663236085175417
-1.18733046781622
2.28988213926777
-0.286436585952816
-0.344448152218121
-0.832072876902179
0.050990837875767
-0.166357989980757
-0.042937483535398
-1.07165190006777
-2.56844945638525
-4.35619145107824
-1.63545836807496
3.27263450006735
-2.33847906749373
0.141746726524262
1.77731148695606
-2.63174468491898
9.20160740546333
13.2648806558064
27.7082364215684
0.390120174143052
0.287602148417021
-0.488655343432674
-0.353761281779466
0.348960999920191
-0.159121180578261
3.22905269610592
-0.703166219414587
-1.0595961156618
-0.130464805368111
-0.201106955404262
0.270350969392761
-4.67000726126679
-12.4527977469112
-31.823694846926
-0.663244169019645
-0.609864144138016
-0.391274669062285
-0.255053171636115
0.199100231004878
-0.196509337692627
-0.995244533299694
3.35712943930152
3.32066389092537
0.597585142979338
0.397655098691912
-0.361266504411815
-17.0581971176708
7.90120044113333
8.64696148569505
2.93486783930477
-1.55756451327886
6.93569811419313
0.0669774230729347
0.775914247967098
-2.49109581499196
13.5098505006477
-6.35989476294906
-10.9692164530059
1.12667340157983
-0.983104781293097
0.67216955352722
-1.13115637157772
-0.0901813772260931
0.197038751923992
1.01692653869525
7.47683745465458
0.362244550132848
2.06567679166103
-2.72722046999979
-3.13415414517545
0.127835544308602
0.494886873160834
0.331323848339216
-0.410913913168532
-1.17004578051019
1.02474069372327
0.00278892029535553
-7.59114101159607
2.14713820230387
-0.935195650293229
0.0440737478690708
0.718116602074709
-1.81361861389719
1.19907801118681
0.776038734925817
-4.46144486824585
-1.41862785285738
4.0638768460259
1.59283152555376
5.23167759162042
-1.74216178079856
-0.724939687373396
-0.464819713747287
0.0969015464158612
2.06873326285455
-5.32696055098649
6.33275292689083
0.130343111647495
0.615133803203243
0.446430287681594
2.52693688256232
0.209601689596205
8.88422951406726
0.190659567191721
14.1946174949171
-2.78829134093838
-0.361014811107391
0.810009261106897
0.0516959898455257
-6.97237473600229
5.55528226904538
0.504942823773269
4.29317403062399
-10.484515480005
4.391337731002
3.59541062592952
7.88895652534583
-10.3756043608949
0.351439379378282
-0.0468600181268654
-0.246246546141152
1.0524129701746
1.75261475697819
-0.393185908292455
-4.94927515870408
-4.30039718863756
-1.31545932049339
-6.04150152183014
-18.4429296378119
3.4542692147109
0.232940270296156
0.228395048965317
0.0544088686442571
-3.14985137455685
0.240410240005086
-4.16169057906148
0.94267365026244
-2.16817434712677
1.68305672939886
-3.02298833420962
-0.324642683332305
-9.04686393371457
-0.681202646969286
0.087054019460384
-0.898119428205512
-2.04388186852117
-0.237256050038563
-3.49162547460549
0.129475236867864
0.315634976802173
-0.22178803621324
0.66063348445677
-0.168115639393909
0.84397987146241
2.01751401512189
7.55655737025519
-7.91410080169441
1.59467481561634
-2.39908205198771
0.212788282315506
-0.717404997201906
2.96203023109019
-0.227761776828563
-1.15376892571614
1.94515814794727
-0.678816703431673
-1.32753773036814
-4.08924115566937
-4.55921266893195
0.0338721044499203
-7.75316193471643
12.5045053685539
0.996240453821935
1.73979898096387
0.549388247845159
0.657556501277115
0.823626156016648
0.423245979244642
-1.05602392616125
0.231737779501875
0.158721648110499
9.13424383063498
3.81786010875893
7.4682736302832
0.687636491164499
-2.15818003133769
0.446487243891918
-0.115505057285257
-1.17084205400186
-3.66098514391205
-0.0600600879312618
0.677284812527393
0.410406661027018
2.26665207818487
0.355959915068139
-2.14045652715074
0.865772948518044
-0.863436824563138
-0.489549171457673
1.24871518307171
2.38994819534218
0.88469678638338
-0.781823730106781
-0.168281724023118
-1.49282076433036
-0.0790903248329177
0.441966773315107
0.0880010777248414
2.61254059168771
-0.548945218428706
6.81775327223342
1.40331690905311
-0.0436938181215907
1.351497192493
-2.32310793452083
0.62505885494965
-6.90379808784765
-5.4211753088036
1.8791070604344
6.51469572310309
0.242321284107507
0.605901642303514
0.440641946487615
0.0150831807749163
0.0403640685905651
0.0663188102628732
-1.48363814206874
-0.343142506292575
1.99139952100607
3.2222425277515
0.72987326568689
2.05119312731864
-0.0511899498164088
1.10857996153099
-3.79801008349659
0.197882872553635
1.02487136110845
-0.841480917887178
2.64232832894947
0.300473555069519
-14.9309791454641
0.026241948925693
0.537105806294874
-0.767933381496523
-0.551448108512609
-1.74128107105966
-3.53661890434074
0.383950743573982
-5.6972236572176
13.7221459284886
-1.25680383426687
-0.784022133097204
-0.554595055518366
-6.24079348193624
-8.57759737429477
6.14064928304754
-1.05744861790406
0.266350837086889
-0.0917932023029114
1.64720000979919
4.9045293816105
-1.72022067422829
-0.957543906648823
-2.40569680559468
0.573517370351941
0.877031667253001
0.464038775593204
1.30784536207259
-0.930935891869888
-1.91981066871257
2.94220879368763
-2.42282982067144
1.07718377772273
5.28898055733102
5.11889394853993
2.00151324935638
-8.48443829952431
0.27558348326696
6.99204259315378
-1.62475929795371
0.523037678575104
-2.01503176071509
-1.24898132770563
3.47253632954893
5.65855050187575
3.86918501994744
1.92784185227915
-1.90156472215907
0.670968834270288
0.591754844140945
-4.61193578390662
-5.88800703763703
-0.05272734486098
-0.00874338764296332
0.0769400992003833
-1.50854482342381
-5.80116119785691
-4.19758132121896
4.95219422315329
2.4418546539947
-0.0837327839109182
0.0342745149767034
-4.47771030855182
2.45858665087798
-1.7272069543322
-3.69860170825422
-0.67894147609757
0.398582962462661
-0.0806622594353521
-2.77739479562489
6.95043516428074
1.35975450770517
3.15691524130853
-1.23387384942531
-6.79565229487799
-6.8358647140293
-15.8839600481662
0.610028244429284
14.0703549082459
-0.52146093339787
0.414994759265307
1.47279491277941
-7.8019938387696
2.43744862165827
5.44377549641391
-2.19307677063189
1.30934557825668
-0.825761843102102
2.30293331685647
-0.0302600829301463
-0.492984181416446
15.921011470751
0.11688966499795
-14.1468737519066
2.50694879602192
-5.84359629869347
-2.48762184117714
-5.84138697883215
5.81953587758437
3.74073017505783
3.926334364162
3.44456153086003
-4.53905452663921
0.657688212507825
6.31755901906622
2.65358172608293
-4.06604082846757
2.04712226238096
-0.595964949208022
-0.960491416731625
0.422330790304193
0.619767664424522
-0.805971831819434
0.860506659953321
5.74621635834449
0.398322134993579
-0.387030923109686
0.206818216064259
0.501744309508666
0.0095969256367512
4.21630098021536
-3.0620677029892
0.108938731618195
0.939757939885024
0.0483096408168558
0.311228757098782
0.232775587622474
-0.974631036267004
-1.162354433537
-3.06107555996401
-2.14826715043317
0.686510830553739
0.220334437273035
3.66775169351213
2.43754724443069
-1.93596413837591
-6.92154542559917
4.91943117964919
-3.20600920630225
0.124978733133108
-1.0231724888876
-0.433678904842341
-0.319177107120114
1.93777966317809
-0.265935544650399
2.62286904036501
1.50155023662627
3.97205032738399
-1.84087852081044
0.103426172327524
1.26695830814215
-0.336991326256198
-1.87181099480344
0.176162125701305
-0.549583250872204
0.68857719870974
0.180240069653694
-0.683867195838296
3.00881313298005
-1.81551985049674
1.91098824943891
-1.89017630711747
-0.802599583673144
2.32128289215546
-4.44066491407401
-5.42263340971179
-0.0892811578256702
-0.258055683203648
0.059491195823681
-1.20972952100782
5.3186612168403
5.93074749064381
0.224076780011518
-0.294215506506178
0.0547651082261489
-0.101379784010783
0.107155648873125
-0.227756106834111
7.47482780681809
-5.79228150348992
3.1998653125236
-0.47715346542769
1.39466846057138
0.713658468079074
-0.226355585192598
-1.03604916031614
-0.771833400511851
-1.18309770906547
-1.47659850898939
0.525302448827716
-1.99636833325637
-1.83388073789787
-4.06757490399616
-0.465013909734628
0.471021736184655
1.39233465796862
-4.23703017779803
0.305409094169871
-1.48291674514304
0.762661370944989
-1.31317246836263
-0.792257959941547
2.09294936388893
2.72559966613418
1.44766704122586
0.0843890605919156
0.673187280817094
0.43641968647485
1.91013127304417
-1.18028755275372
-0.355063031448684
1.92664642546629
2.07727427336347
-4.92282342386923
0.422941196169977
-0.519756350187578
0.887763254894763
-0.135980035261267
-0.320538062817469
0.285513378357453
0.221520897144685
0.369133318616883
-0.569580999358018
-0.118677474902486
0.105799506189424
0.184880630211299
0.039422501113992
-0.89004987184204
0.108518570934454
-1.24757561030782
-1.56677767398216
4.31384499570683
-7.25902006431317
5.23754762307792
-3.76178559646416
0.221723243698612
0.360582636921193
-0.000148097486594883
-0.12827819725316
-0.312983961356456
0.173348666638323
0.00948814995423193
-1.67390472336148
0.939446073540365
0.63665532598304
-1.22317838718205
-1.31882731407441
-0.58125460974471
-0.527992841239928
0.131248283150716
1.19160060669684
2.78645682186695
-3.22364465617984
-3.03260765483418
-2.75821348266588
1.44032596704315
0.0349710462728633
0.0919775024164732
-0.151847159420671
2.18853113316767
7.3532016893365
-3.27742076008335
2.78534217312318
-2.91695556709728
-3.41888726399127
0.0606139599625009
-0.964724757139757
0.933581036065852
-0.225125071079705
-4.33644657993241
7.08376112281797
0.416650785209576
0.621942970300968
-0.0558782427341869
-2.71445625494693
3.02311984836877
3.31042901421551
-0.749413576934673
0.575577533884343
1.2577923510372
1.75791009183177
-6.72174697882621
0.896912458765401
-1.43485741733438
-4.16273038443582
-1.3357451757065
0.823993534844412
0.034354189460403
1.49795702039046
-1.31566680543634
-0.244253582603965
1.83676278768135
-7.11379520893979
0.271830521461543
2.714514287692
1.61386511634783
0.170435619594871
-2.06242313403935
0.680338365750708
0.091892801440923
-0.160482337909565
-0.52655081068978
-0.633078306939293
-0.523030364368881
-0.120824808517695
1.27811323781847
1.22484745137946
3.68830913916858
1.15251719395462
-1.58291540748532
0.676380369252136
-0.0877446184762956
0.304613927409982
8.25492280122879
4.60340230102679
-3.10192850312877
-0.0970421189571386
0.171373918586953
0.185073540515917
-0.116222866738957
-0.26099666940784
0.274001318185624
0.435852620880948
-0.15343523311375
0.16309918056133
-0.0620329976530989
-0.84594033573927
-0.392750474017747
2.78831028567659
-0.519421694567598
-0.402885530406164
0.213342908602423
-0.117695480637821
-0.0652704394125389
-1.02890353616835
-0.285913861403517
0.633009498988751
0.41037881068775
-0.230076115366011
-0.0188568213003197
-0.397775440817976
0.323127598697768
0.499549925170029
10.0370806967978
-4.08968480601465
4.01341129256665
-1.88000457375146
-0.188298886562147
-0.865599133848063
-0.307479192678491
0.779408145544107
-1.21331497280366
0.437797456611147
-0.0962803952060341
0.14700215151067
-0.147701350420909
0.846699114943416
-0.383761510084604
-0.00952065485721475
0.724657805710416
-1.17162639290934
-0.389708822451892
7.58840807911922
0.825495236060149
-14.0198208783299
-6.73042530333459
15.4102664879207
0.214269872829622
1.37735495019226
1.94482004659517
-0.354785358585595
1.1080083462688
2.00701142502004
1.16195307311546
-2.68342287271636
0.577427213598322
2.53855246810133
-1.04203848176608
-2.47171878666114
-0.672061360111611
-5.44955081768582
-3.66429352916315
5.77030922379404
4.31224210506346
-1.90691831271164
-0.594793144990006
-0.0985644389223444
-0.587130915047113
0.0153279711952347
-8.80563660484184
-0.221205708734856
-0.529701243181778
-1.50644219303423
2.10665192333966
-0.40721187081885
2.72463606140921
0.632706160880114
-1.89234895427329
1.38007424910722
-1.0834461235355
-4.64134835959244
-1.14349449583985
4.75828888005117
0.375124326597462
0.000556214403909218
-2.52436724557748
-9.70993968685725
5.00578110296184
-3.36049131996587
0.280545030247976
1.91095918711579
0.475345787258201
0.393931564825465
-0.0760649116405847
0.0390320216957538
-0.4622953322552
0.229255801140341
-0.307849666725233
13.2917002062817
4.57792500250239
-14.5102105238134
-0.483224135221816
0.173917595359317
0.688928882044642
3.61712972606348
-6.61704666647856
-3.01202807288994
-2.16209266698386
0.548097048626376
-1.50980703907181
-6.01203722015131
-3.84110197800114
9.39297724347296
0.299773907786516
2.46868152728956
-2.41563247943135
-0.596312483263484
8.87035041232333
4.47800195478785
1.02607794787544
1.04890036814534
-4.26931625300775
8.52835270722134
3.53968950501587
-6.3559419910234
-3.93494588841391
-3.36948423194348
-2.36395633476678
4.37011457252576
12.3450596880031
-5.32308537474838
-5.29095455024545
-15.6697873917899
-2.83834360341711
0.397083372030124
0.146147336675215
-0.136968188201801
1.07894565567424
-0.609248906649434
3.2940429471887
-9.84394657636604
0.920076493157131
10.3627418067938
0.157643795113263
-2.94025857108212
-0.472235132543217
-5.51663252181011
-10.2801530396082
1.45762524677205
1.63843751384113
0.461657505315781
4.9341325082506
4.51991013577446
14.5043201804391
-3.62792826959728
0.705896486002911
0.697581141358965
-0.222116455388558
-2.77725582561157
-1.32984269665574
-4.01092021754591
-0.613090930906169
-0.494311409603311
0.658680831586993
-0.958327498414262
-0.227238989919083
6.89305427834277
3.03595097658503
2.15669907232408
3.30923581408491
3.1142392970796
1.98484547702972
3.75130182461283
-3.28456386252597
-2.3486973531813
-2.75209916916282
-1.36646590715474
0.758232256996651
2.96461027213006
7.44708301223551
-2.31349069957214
-11.5559007405031
-0.333315441973761
0.959864412297556
0.133639101639159
-3.58686571036996
11.1996799181391
3.24429479815242
6.44341998908189
-11.6696894281113
-3.01456729534389
-0.799896995024317
-0.511393336676279
0.500843949450719
-0.52077057926133
-0.168976667796781
-0.191366034782476
1.21741556358556
-0.219160976068087
-1.30296992584021
