0.0909054299447097
0.0575223468485132
-0.135671615429574
-0.0197202569586343
0.0476861773121258
-0.00350554021859738
-0.0044439682592751
-0.00513272577861371
0.00706850075633359
-0.0450576333380469
-0.0117762796481426
0.0517454194948482
0.0205522906856599
0.0728976948426516
-0.0330043442837548
-0.0544170766196384
-0.00495769030278097
-0.0108435100608909
0.00612308846522778
0.0111713112141515
0.00325352983672773
0.0216307130864194
-0.017907381868046
-0.0638555543624501
0.0199398638409248
-0.020640430166928
0.010648754296982
-0.00541565129360812
-0.00141546241026037
-0.0302399731191087
-0.00648153683434915
0.0155543922258597
-0.0851940797344009
0.0453220200069842
-0.0393325291954008
-0.0268009187513737
0.0203665209337114
-0.0328887157129046
0.0104625980900984
0.00261073099890887
-0.0026610998422287
-0.0477294390932993
-0.0241417325364093
-0.00250359721569719
-0.0843604835098845
-0.00791298397422906
-0.0311870360837297
0.044867733046503
-0.0378602055795414
0.030923265460442
0.000508641685972788
0.0357859557698026
0.0190968306662748
0.00925815584909312
0.00572795494450943
-0.0228881802403416
-0.00803921952564318
0.0360130279285513
0.0259986276722491
0.0508984094384851
-0.0250578256901544
0.00493969856162944
0.0294058978734813
-0.0657994067520632
-0.0903221042871639
0.0881836385010271
0.0514066236979914
0.0264078815084278
-0.11527095356541
0.0287873346038828
-0.046429011694669
0.0769190339662762
-0.0174928321716356
-0.00227392371880922
0.0514515110010438
0.0381889896124413
-0.0577576342247352
0.00389734302156011
-0.00153113325561666
-0.0283669675769238
0.0300121731744447
-0.0106007835817101
0.0860617347602707
-0.0244251218552456
0.00736633995667602
0.0197695407233904
-0.00746279218285245
-0.0923625314183965
0.0144406181061341
0.0777283727595076
-0.0122997878028737
-0.0175986522409931
0.0523172205522459
-0.00013153841021897
0.0035693023062482
0.0777766123478549
0.0259746980827427
-0.0181983685456895
-0.0270761370908408
-0.0379910666574003
-0.00841523232220826
0.00829959610833408
0.0115509309662506
-0.0406681591347507
0.0432856427506669
-0.0604010341311843
0.047655938567089
-0.00924540192801004
-0.0126757607525833
0.0134980019638645
-0.032340438172214
0.0297791222088139
0.00658520993795954
0.0469013017872594
-0.0363765231396024
-0.00219337540032746
-0.0502011919799094
0.0239557116466471
-0.0328683626277505
-0.0415919400739215
0.0540586394094405
-0.0537612094371031
-0.00555582733527482
1.54061425878797e-005
0.0919373392007025
0.104557152200677
-0.0842193534853941
0.116405135105307
0.0446069744834496
0.0105131395461463
0.0280064646417918
-0.0278049735658989
0.0120622926808444
-0.0125383696565287
0.00841281822619452
0.0999647777474933
-0.0262611798422809
0.0838035769376972
-0.0315215705011957
0.0320423900703966
0.0341229986587065
0.0600949322534705
-0.0527401751467198
0.0320267440122361
0.0129229415511498
-0.00288473697158667
-0.0659843344179681
-0.0896443570898499
-0.0894881858148175
-0.136063686819459
0.0202466118702381
-0.00454838103371515
-0.00765160821394475
0.0465921657727297
-0.0100719353607009
-0.00663484265360574
-0.0412924944372435
0.0154380937788552
-0.0187094679445393
-0.0403887568181993
-0.000768906146445636
0.00372824876233413
0.0197045505638573
0.00164560550909902
-0.00435610846130484
0.00812611668291788
-0.0116404811746724
0.0360378673717061
0.00835833765307104
0.00504112253756819
-0.0134481749428877
-0.0130073846319747
0.0615724616892683
0.011688765127019
0.0251923988868811
-0.036213072053527
0.0192302693065413
0.0824731515939267
0.0216994926129113
-0.0494099062014146
-0.00959955182198708
0.0144937173770976
0.0156222811812736
-0.081137338312332
-0.0722995320317225
0.000152006071216812
0.0146738851326075
-0.029775914707215
0.0248233802487761
-0.0280046186128699
0.0493146044158511
-0.0212255834328957
0.0502210629187856
0.0163457318903834
0.0476392033764815
0.0177899022152043
-0.0230443287223689
0.0001750026857849
0.0230728161780702
-0.0201976102364041
0.0847381994191565
-0.0135238387271225
0.0123089662828093
-0.0214508706504121
-0.00373433477905401
0.0189168147678937
0.0087824241437888
-0.0476818470830284
0.0527500834270897
-0.00380183095236168
-0.0140165559982019
-0.00295173514171228
0.000578102205102864
-0.0201501246975756
-0.01850849398015
-0.00230023635301168
0.0136989785098368
0.0391896711022808
-0.0787072782439755
0.0808718466262707
-0.0108933542002777
0.0642417547640604
0.132917985402372
0.0967164581685708
0.0145665228301377
-0.056645100070414
-0.0235293777678247
-0.0656906756253471
0.0605080855292418
0.0524335403377754
-0.0715141215504875
0.08187495466161
0.0325579196896618
0.0573688421609719
-0.184076598667735
0.0706951672224034
0.0994689294673145
-0.00565265235073465
0.0237982819111012
0.0212375803781132
0.0562628561328941
0.0418010936295792
0.0140978072973356
0.0482168528307616
0.000945430965120838
-0.0145777430008944
-0.0606736363953999
0.0333617569418783
-0.0767543610995838
0.0457100882921763
0.0195706718370428
-0.0114130870101376
-0.0125854958313954
-0.0195896924207361
-0.00197902551217859
-0.0256001516502758
0.02075532299935
-0.00071303953045044
-0.00426071712372551
0.026315395755405
-0.0402195701098379
0.0172133795942402
0.0109954596535952
0.010691781952167
-0.0641840119800969
-0.0677138019336437
-0.00403557734590436
-0.0218969272883284
0.0917284187965679
-0.0637843651531378
-0.0189664026314903
-0.147525077277492
-0.00848448526979391
-0.0773929417562581
-0.117235289922922
-0.069680525087334
0.0107617370584384
-0.0816354701974522
0.0565274312117801
0.00253434411113807
-0.0590063955809843
0.0648591663773555
-0.021162263781265
-0.0179178912010206
-0.0294548055463792
0.0105487107510613
-0.0514376667955194
0.0195888497716771
-0.010666569175661
0.0186174732866557
-0.0167551772315316
-0.0437881760152151
0.0241910904915326
0.0524922554701029
-0.0395958783308407
-0.037245407900515
-0.0380444314863088
-0.00793979776934586
0.015152115053716
0.00760655265825636
-0.0553956983239444
0.0456083577419202
-0.00285577603280883
0.0208403698464912
-0.0279143481994738
0.0369356887758499
0.0369878964182593
0.0146643784909335
-0.00471056773030914
0.0469811793639685
-0.0466544816353206
-0.0572007032940844
0.0163768384728056
-0.0339999268388069
0.0235157040122435
-0.0306886267565219
0.0274920152984514
0.0248283456217634
-0.0912641167238097
-0.0527278868725347
0.0476323128682204
0.0130887764915442
0.00155490379384051
-0.0712444795314185
0.0415151141330137
-0.0266456194120018
0.0174297367246566
-0.0263585360791621
-0.0202943140790216
-0.0282300850285192
0.000588298523468727
-0.0570411404896033
0.0461055782476911
0.00654820375788375
-0.00303118382408427
-0.0278497703351585
-0.0384470660552153
0.173588162357898
-0.0530792382564163
-0.00131916077294089
0.169095383617759
-0.146193494240524
-0.00328780779197721
-0.159882819495104
0.166740079520376
0.0709987447884989
-0.0611083914818299
0.0174666069390599
0.0202905606373362
0.00693520212881685
0.00108837564949424
0.0700573071291644
-0.0780116926175861
-0.0123109165073913
0.0107819613789763
-0.0105196853966821
-0.0338872279563637
-0.00478818330411336
0.0667934819335621
0.00616403888260805
-0.0459487019359849
0.0772003686038298
-0.0850774696755742
0.014474160803283
0.0422737135845685
0.03569093332989
-0.00855626826301566
-0.0256622695047131
0.0389493968040293
-0.0156100685619065
-0.0320748036665286
-0.00467129227457085
0.0115023958056167
0.0356187083596989
-0.000366177130787287
0.0470058121460262
0.0388762443384434
0.0359297704845618
0.0802015349302612
-0.0274502866046044
0.0233089057821251
-0.0845844987669431
-0.0573973410632169
0.000592524940838269
-0.00847240517580385
0.0197151247616252
0.0208597979447918
-0.00259513284830796
0.0169215413878268
-0.0208472095136335
0.0348998084443466
0.00571387332969964
-0.00942117089646285
0.0954929770797675
-0.00865083444023098
-0.0379816108656115
0.108493615233236
0.0688856941362297
-0.0416706354530754
-0.0910786462157477
-0.0913890400538359
0.0102924988733048
0.0031753980910665
0.0539636451628994
-0.0126157118972363
-0.0294128582198007
-0.0277829658715379
-0.0391905186235717
-0.00502976604907625
-0.0630108468897385
-0.00868015246336793
0.0731786662854518
0.0908338647638804
-0.060042918540915
-0.0444323701235065
-0.00430608167692182
-0.0474778154714326
-0.0205062755734698
-0.0167759261639169
0.0488800990794046
-0.0166935736762952
0.0392978521399649
-0.0536243270821869
-0.0214321905647484
0.00719582937782848
-0.024557928787884
0.125328005228048
0.117328934623411
-0.157836236895814
0.022947162346924
-0.0633581382841752
0.081282680724042
-0.0914127465122847
-0.0012347133527836
0.0784701195729124
0.091704881399322
-0.104358748059107
0.0797510849851126
-0.0581282747965094
-0.0764717446434478
0.0103632213157976
0.00153076817963171
0.023951284715713
0.0288434336945701
-0.0271383085164993
0.0693492572543374
0.017782800058685
-0.0478111283773254
0.046271273207184
0.0746650128027688
0.00986214272975323
-0.0115936957745545
-0.0674073059140478
-0.052642484186406
-0.0409682679446659
-0.0174681319667416
-0.0224372714763395
-0.00952314196147914
0.0612134913423763
-0.00863328528708118
-0.0141586815812617
-0.0479217814574857
-0.045251072590701
0.0608619746644664
-0.0336435534906751
0.036323287587247
-0.0463015516998385
0.0132034210650007
-0.0551461698738238
-0.18519095715405
0.0852672838194
0.0437780337003737
0.0682886751211842
0.0289709414985486
-0.0246900996220659
0.0162753376681454
0.0316370784146525
0.0262293133806248
0.0602211732371496
0.00890404412877399
0.0280611417683378
0.0233955029918967
-0.0396401733492754
-0.0421575017872446
0.0446460416200122
-0.00834246266809175
-0.0192643637796652
-0.0181155893634719
0.0557207747109072
-0.0142895497385612
0.0053758714214806
0.0126267956145315
0.0100381174580135
-0.0086782656914287
-0.00488371338220965
-0.0484237202683257
-0.0323224213042829
-0.00637089583508767
-0.0433925519619754
-0.0248190844892121
0.00518566786911016
-0.0112832836771989
0.0473016311822282
-0.0509007973449301
0.0219526099967614
0.0132295818254805
0.0355762178163294
-0.0122676073913738
-0.0374661230766775
0.0232252830460694
0.0214934430618797
-0.0536975776252471
-0.0014825820071418
-0.0470297188295768
0.0223624848601798
-0.00787605840475582
-0.00898762597818335
-0.011923926159194
-0.00823871450209362
0.00578964728668596
0.00779491420339268
0.024486828393996
0.0368542320520394
-0.000972750603079965
0.0169228572050059
0.0251997075071266
0.0320709250519003
-0.0240727327014553
0.0181594454389001
-0.0327325059031865
-0.0303592421523726
-0.0484449775102018
-0.0327850212025238
0.0294927508865574
0.11026998902069
-0.0972878091643085
0.0342578382327599
-0.0516455386675224
-0.00325230261853109
-0.0319835131854927
0.0157050502702835
0.0376297405036281
-0.00443019045558999
-0.0531753171044373
0.100525945728439
0.0171909545518929
0.000532685982915577
-0.0641284225156951
0.0714913731109817
0.00118722321717945
-0.0216541525326901
-0.0803011071701035
0.0350517074885708
-0.00609634138695881
-0.0203828731229003
0.0570597535440822
0.060147787280882
0.00283471729480319
0.0325826244539345
0.0418125901969945
0.000139415483187641
0.0205271316519512
-0.020414741948161
0.059431477730862
-0.0143528578721363
0.0198505847034302
-0.0169939294678122
-0.0178381830799739
-0.0112976621089608
-0.0107468575049614
0.0121729054868536
-0.00279408346611022
-0.00104074019613995
-0.0200846180398287
0.024295179589776
-0.0405363684965807
0.0707767438109073
-0.00547844663780805
-0.010801751210802
0.0270733828504969
-0.00226530138547253
0.083555373443423
-0.0372674897213086
0.0200809943943002
0.0410083819396415
-0.0127749835848412
0.0372346930437441
-0.0341823155923121
-0.0819303371126255
-0.0170949593578201
0.0433303991559557
-0.0249627415684805
-0.0434506353529592
0.035679580960649
-0.0478439453718266
-0.10661445386004
0.0707542143497379
0.00859880420470189
-0.0219069840069795
-0.0132934290618658
0.0642385514524613
0.00794476197496492
0.0187002468102405
0.0249203332480571
-0.0313823899257506
0.011151023705552
0.0924334483227474
0.0776965239979598
-0.0363317372019322
0.0372338319484884
-0.0201824730420287
-0.0213627341871933
-0.0421834951866466
0.0629729959534781
0.026890571646938
0.0102731435818926
0.0478871667231277
0.0520138789547405
0.0128771755991919
0.0442434517741403
0.00693670810144132
-0.00815338790055232
-0.0419781070119703
-0.0396069888510396
0.00892038557187473
0.0245507169201775
0.0246115314005087
0.055683044556422
-0.00871741458359378
0.00181893445133536
0.026860941191011
0.0470550480153047
0.0510026934312583
-0.012562402949571
-0.00113956072292396
0.0323815154136234
-0.0504532579967415
-0.00315651390814089
-0.0467448928057883
-0.0158766013713225
-0.0788032141662288
-0.0278580947554748
0.000472226024030555
0.00737352177909985
0.0348121518627494
-0.0484164671648682
-0.0112800109548373
-0.0786644609200403
-0.0453276553272014
0.0328810260209098
-0.0356895036121205
0.00642061358708553
-0.00446559678421586
0.0260253543720747
-0.0506971485123325
0.00274875195925834
0.0317333009911226
-0.035458740192256
0.016569730763183
-0.071827463721323
-0.0324757740754888
0.0623329085052502
-0.159826371534215
0.101539795471364
-0.0692844412138599
-0.00150351615213519
0.00366447726834352
-0.0320549798064226
-0.0172696490058231
-0.00560247065301315
0.00768319089615384
0.00255704762107333
-0.0363739008642147
-0.0252902664627073
0.00263660575393283
0.0175292492723235
0.00618918118572817
0.0421398318852866
0.0912103779877252
-0.0165830510350815
-0.101657931238424
-0.0132632633659712
0.0213475878149965
-0.0476486811434912
-0.0555923285353999
-0.00785366936714463
0.118475018239483
0.0352516783689161
-0.0383572538534798
-0.0155815689132217
0.00144671667347454
-0.000542847318652379
-0.00103495050415579
-0.000232696228479366
0.0513875478413217
0.0524756817959665
-0.0209730212895543
-0.0149748025609291
0.0113908124003946
-0.0206868322756606
0.00128994917566619
0.0159088041980785
0.0334284392470367
0.0261202367652205
0.0366266805263608
-0.0642883082091114
0.0411219383317754
-0.0892168046746589
0.0278659994067862
-0.0228387072003032
-0.0306601205338778
0.013637848210733
-0.0160479749934829
0.00871141797074739
-0.0424385718039995
-0.000804781745807052
-0.0212132281985478
0.0507820735024395
0.0179132569904342
-0.01084645818892
0.0180347972622524
-0.0506322266132925
0.0173283875418202
0.00241530336118313
0.0552335634888413
-0.0186045332887168
-0.0503339040898103
0.0408691904404547
0.00760118154569499
-0.0475845812362507
0.0180036723324474
0.0341256629721541
-0.00423786219535996
-0.00181617724421972
-0.0266454558999893
-0.0121445021804929
-0.00771229134382911
-0.0558566224160238
0.011840438741996
0.00457448768932561
-0.0159858313180754
0.0332721571549837
0.0267389957947155
0.0278513886000252
0.0124023712421161
0.0096110874310567
0.0183253966882457
0.055916315444027
-0.0511981017804361
0.0562554506583633
0.0593415249571735
0.0648829828720351
-0.00326404792250192
0.0102875476651385
0.000786053226747158
-0.0202499847253255
-0.0257446404164676
0.0128124540410742
0.0341751972777296
-0.0562526986927782
-0.0439747822081765
-0.0599972035423412
-0.0329457155618876
-0.0881087150166349
0.0221728207047073
0.00842998844713293
-0.0121465366776637
0.012263083749281
-0.0652066393370136
-0.0616586237352666
-0.0249087034975448
0.0241243432201997
-0.057212084878207
0.0533132077744342
-0.0339102300215877
0.0161524805711326
-0.0421008926545038
-0.0163039800405528
-0.0213313721247565
0.034853409215174
-0.0482458705586856
0.00926543278055248
0.0328518490041687
-0.0289672839075636
-0.0441274929361459
-0.0282108981216604
0.0195060986940299
-0.0215663427694456
0.0167768317699376
0.00881409333048759
-0.0348178554586821
-0.0966576180616075
-0.00323841609780816
0.0766618756987177
0.0183299243396965
-0.0902647765148052
0.0190267697170594
-0.0831197220030426
-0.0483046757404336
-0.0249163433965107
-0.0287298348100436
0.19667990296031
0.0733699728199835
0.116899233036177
0.0621406928080913
0.113748695220353
0.0527869984632418
0.057703775787148
0.0282778308052977
0.00360082368085343
-0.0963709540741822
-0.0196296875782221
0.012640113177734
0.125063618418441
-0.0139173126818863
-0.0550765312007956
0.0792468119275624
0.0221633141392131
-0.0869882475529876
-0.00120194969063703
0.0531741450739205
0.0308505796699438
-0.0138081153060608
0.021221304957014
-0.014840665563697
-0.0162840099707027
-0.039896751595174
-0.0157344034779796
-0.0567676358966432
0.0812148629777991
-0.0778678450284518
0.00534888383668095
-0.000345590600886803
-0.0416687131917733
-0.0114230535738821
-0.03383358489234
0.0295897892815799
0.00307836637379549
0.00432099931677825
0.0113225057539937
0.0269497473979307
0.0143316868386013
0.0128201778972253
0.069821306132317
-0.0595927748017406
-0.0104353742454575
0.076223752051769
0.0554070212938485
0.00419567857809581
-0.0807717417283638
-0.0616161551487249
0.0459508884389501
-0.0446568645782483
-0.0567722349880404
0.0750342173114241
-0.0649333571983932
0.0114207171312995
0.0726598149368305
-0.0662633392141128
-0.0077087190410271
-0.0281314077878104
0.032221500510913
-0.0408141827145139
0.00999481486789549
0.018235154700387
-0.0356966448037533
-0.0351073301021069
0.0329458280056825
0.00453225778672969
0.00152821625412917
0.09253543288922
-0.0356800281863907
-0.0510375430808485
0.000874468475584025
-0.00517175142105165
-0.0115720546057704
-0.0211141099687453
-0.0195161112156897
0.059315365325382
-0.0928646915102428
0.0360006372493783
-0.0877809778942713
0.0414468654252257
0.0081911561939669
0.0343905482619475
0.0591417682668722
-0.000980267805417177
0.0878047217266984
-0.0287926177490034
0.0683594187786847
0.0669052209166333
-0.017936461517554
0.0482949316767299
0.00364953202358776
0.00995472013953216
-0.0488220700454646
0.0134944641805729
-0.00752010701243617
0.00913852494860443
0.00963808577493023
0.0488952997897228
-0.00186931160875123
0.0492562401358049
-0.0354891121859141
-0.0405961648791975
-0.0012280542918246
-0.0139020599159668
0.0584672193960859
-0.0165707853633629
0.014987743058533
-0.00699732899196191
-0.00333146338682081
-0.0517860803080823
-0.0146679893759215
-0.0268334147491553
0.0309047324690695
-0.0091797555008765
-0.0661217299466519
-0.0385617593553971
-0.0192265515361693
-0.0194853863957684
-0.0723350907591177
0.116669608193348
0.0107791698458925
0.0305816249361906
-0.0553251776742009
0.0208310506983207
0.0614169302905402
-0.107498549589399
0.00113308042375971
0.0160978555324544
-0.0654962912915141
-0.0642004432303651
-0.0503136854010323
-0.041901663052841
-0.0372037861813866
0.020065871161378
0.0793684893431661
0.0352731879491534
-0.0450441507169032
0.0208325425244156
-0.0436078519440134
0.00823047195254687
0.0123541450067154
-0.00368790149156466
-0.0102352154272221
0.00541265468994315
-0.00936337386437956
0.00959919039126142
0.0736895678972751
0.0185105186920639
-0.0755520762711167
-0.0648356102034706
-0.0890653233125177
0.0208346015877489
0.0201075821663396
0.129939363879688
0.0446986590267845
0.0120425313306879
0.023748653752244
-0.126376451857524
-0.00468577768875365
-0.137761050369186
-0.0723569024652122
0.0168998555675414
-0.0330665446962743
0.0215478883647726
0.08030685277899
0.0655519101765398
0.00481742808755683
0.00714346730370781
-0.0355447997617633
0.000425787177183177
0.0285081765555788
0.00676645267645602
0.0245598352901016
0.0214217890204726
-0.00200945383365283
0.0191465362972015
-0.000692079361254843
0.0481741290152296
-0.0262941558613622
0.00292584929988935
0.0297652589621627
-0.00962018719371415
-0.0103440394325597
0.0167009110538419
-0.00366399976247215
-0.0187494329307846
-0.00663940937462135
-0.0057550738059602
0.0239365252696212
-0.0153985758629934
0.0332763856988329
-0.00394528986092335
0.0247882976598137
-0.0284118614258876
-0.0494920217152128
-0.0419116702388964
0.0674461788705548
-0.062117370134892
0.0141415306183461
0.0290284762094004
-0.0819051386253899
-0.0854377231638963
-0.0435833483754542
-0.05741426055227
-0.0669912354984114
-0.0668482561111248
0.0225262719770914
0.00144784856278516
-0.0299059104584708
0.0113552817733029
0.00266248987213413
0.129808252040839
-0.04932108916045
0.0987130165679463
0.0117196079231422
0.0435323693250439
0.0612272001912006
0.0572749289893234
0.00350085592629229
0.020506390854362
0.0476893189692271
0.0245012572961381
0.0417156127806623
-0.000736541691080663
-0.0712192220532162
-0.0260190278488113
0.0669301889031049
-0.0434469761391585
-0.00285425697343627
-0.0841846424625779
0.0578353479281448
-0.0234397569396959
-0.0708333840510089
0.085998668420424
0.057656851604352
-0.00392073658684693
0.041694364293382
0.0388578264209236
-0.0167074182811614
0.0155729383823583
0.00582775890091669
0.0103405086323677
-0.0366453805535814
-0.0200021465629624
0.0396212045323638
0.0109911675078863
-0.0273023700833724
0.00933993995063745
0.0133559304097205
-0.00339980500627418
0.0162264044532484
-0.0220288908271388
-0.00672565970342481
-0.0208925336264305
0.0107267791916186
-0.00117158606181462
-0.0719397548736438
0.0478296883899057
-0.0130202555932448
0.033365682948227
0.00200401757335509
-0.00162245773644341
-0.0255092400286183
0.00508883452757699
-0.00732178581128262
0.0535777713661945
-0.0515782467070847
-0.0271433765979497
0.0652191969472324
0.0795884796201383
-0.0498568559575146
0.00350043483304106
-0.0455211005812769
-0.0208960871556229
0.041461178585594
0.0029770329903537
0.0195673077060494
-0.033336329460945
-0.00426905406784235
0.000174833299691811
-0.0129465730397257
-0.120811609531901
-0.0516291797287466
0.0616151819460498
-0.071878870608736
0.0804648253394815
-0.00337481610934334
-0.0135146996840057
0.0922788388269364
-0.0364723930415035
-0.0182829100487121
0.0229127304358958
-0.000448103446357736
-0.0693615033245398
-0.0342079706159678
0.0356976895427979
0.0271060386816491
-0.0255590667327421
-0.031610066984217
0.0215896614415312
-0.0547531240798683
0.0161531055394751
-0.0115725437244722
0.03296776681372
0.0423427591212554
0.0114770843444201
0.000839974291947908
-0.0279876765550856
0.0231771361744484
-0.00495168359637668
-0.0168189052030307
-0.000961595016816461
-0.00180804039992825
-0.0505199998931102
0.040882949187097
0.0179753063577381
-0.0208749546182975
0.0699051332016428
-0.0580624330980951
-0.0351190301253477
0.0635032762582075
-0.011250705440879
-0.0855675452011789
0.0458153581371102
-0.00724101013081926
0.00993729274970718
-0.028196062726324
-0.0038982985123251
-0.0442101107248022
0.0403522149000437
-0.0571495676148207
-0.00693514980980388
0.0230500123053417
-0.0100332672512314
0.0633856198756879
-0.0445323456464166
0.0121542842331148
0.0688089819013208
-0.0636714041522787
-0.000464898371797305
0.0172646413426357
-0.0137614648042023
0.02131746213172
0.00604231722350617
0.00977673830026114
0.0780000393633673
0.00619132881871657
0.0330629753999078
0.0633882816878073
0.0363415360291878
0.00385693804270282
0.0216455454985872
-0.0251031652569276
0.00464744570934471
0.0930707319003609
0.059571073723417
0.0223432113137435
-0.00828210446607615
-0.0228046018319352
-0.0357369975391849
0.0271782530760086
0.00749892470540634
-0.0496390734289356
0.0223566408151499
0.0134940189173189
0.022406279501866
0.0257204695794434
0.0316282575792122
0.0167247756805372
-0.00885265710108925
-0.0388252229957073
-0.00989908863712782
-0.0605675685397557
-0.0570334002440417
-0.0528686457266349
-0.0555131550499493
-0.0475248977001619
-0.066034253113774
-0.0169368250444115
-0.0287164681867406
0.0160595456923824
-0.139627728470046
0.110346011112351
0.0463913849417388
-0.110433555265674
0.00274150625528429
0.0312655378181198
-0.0240671388098952
-0.0170023797405177
0.0571529456196411
0.0148508673278199
0.0159448220053141
0.00844199596640472
0.0178154979936715
0.00517732146585251
-0.00374074061309832
-0.0276512908763544
-0.0673036612615616
-0.00673280226165044
-0.13588978843112
-0.013400688044316
-0.0117717697990307
0.0701362427765345
-0.0107732733730399
0.0167861770039408
0.0317943576922508
0.011891546418192
0.0270453293804377
-0.0542592923944676
-0.106639822383548
-0.0125519630531627
0.0458275999005029
-0.0694356898478589
0.0429932916041546
0.0364283164842923
0.00543640036545483
-0.0168303635175496
-0.0641335729169746
0.00758232673388114
-0.0281024847364626
0.00346590357778653
-0.0233278598126653
-0.0598642203045332
-0.0223549273629415
-0.00225377880857947
-0.0396544749788457
0.183647567051998
0.0779171099714812
-0.00867561630898116
-0.0082955281903939
-0.027334534409114
-0.0445712968939389
-0.0107983689597713
0.0516257001594282
0.0227181428292521
0.0427389304414463
0.0725676776662781
0.0273319084656208
0.0697895571716865
0.0230870165251386
0.0341749569779955
0.0691286859112982
0.0246281942635177
0.0463339243650279
-0.027931665319917
0.0465339700161614
0.0213035415394797
0.0176058783804562
-0.0105910633576225
-0.00219738568478165
0.053980868187545
0.00682200402796737
-0.0331106044439285
0.0634252791234672
0.0238224864110727
0.0596438969048462
0.036459673424375
0.0188158245230719
0.00532033838280918
0.0590702451291424
0.0408874449764161
0.00898343300467043
-0.0646231402889437
0.0336193246917244
0.0803885613331795
-0.0698127794788646
-0.0266780346076942
-0.0712866792728398
-0.0130296401824247
0.0237960173039535
0.00935372772722555
-0.000212857610638476
0.0592270905708421
-0.115477105945544
0.0369482880078288
-0.0759515962158265
0.124761199579679
-0.0166798681469965
-0.0106374849525993
-0.0133264095115762
-0.0193017864504291
-0.0604754615002296
-0.0161785404740273
-0.0306538011264752
-0.0272553878911341
-0.0128562433324135
-0.0726983411851997
-0.00287697389832467
-0.0536746365993637
0.0587777044702789
-0.0244123999880176
-0.0218245631608722
0.0243534020133734
-0.0555867942811427
-0.00143526533118149
0.0689377933528424
-0.0604208315022258
0.00513353323154357
0.0660235567703737
0.0897283590630931
-0.0289226082131133
-0.0290647305089348
0.00132639616161311
-0.0578859128182763
-0.00611523176071888
0.0548960248940204
0.0628545726695083
-0.0329001028423015
0.0579001662126023
-0.0403451538614214
0.0331571023820871
-0.00123169315804476
0.022465437237244
0.0241734826503702
0.0103707229310595
-0.0552062793038888
-0.0253618626689751
-0.0128201463412415
-0.0167055254059082
-0.0297242381812154
0.0280103032000888
0.0600737400382495
-0.0718202364595045
-0.0405594755523036
0.0473963146931456
-0.0158077621609987
0.0264128272992548
-0.0817906550468921
-0.0182252951513026
0.0439009438803255
0.0252428391816085
0.00297758808462922
-0.05807523503589
0.0426615755139888
-0.0383432823178771
-0.0479552699850634
0.0267643380219566
-0.0378724773767042
-0.0505420578959067
0.0198765193468941
0.0463565719217356
-0.00700961873869538
0.0179289537764565
-0.0079671946562639
-0.0288673092880785
-0.00839428089495465
0.104028473450664
0.00642015311040166
-0.0112501998521782
0.00363177815807343
0.07433066806365
0.0544220080972279
-0.0580329268492972
-0.0573322719255427
-0.0225337393998704
0.0183828458034585
-0.0235046487731205
-0.0226505571890444
-0.0250375270425916
-0.0174003988178697
-0.0125997445320427
0.0097549447853253
0.00937937521453467
-0.09778804189328
0.0575695179812242
0.00416307650294976
-0.0652211097688769
-0.0597200932911794
-0.00796992464241425
0.0269986957280292
-0.00580861611481454
0.0715950851241346
-0.0862866296571827
0.108315571110099
-0.110156093031531
0.148398194148547
-0.0264594770008664
-0.0369823647411546
0.0467933193416592
0.0703853766365618
0.0300079270690755
0.00387628192411668
-0.0222403848584374
-0.000220755250043437
0.000944184606710263
-0.0646834060173889
-0.0410970895732234
0.0251786998347437
-0.0113057569465553
-0.0319002404123999
-0.0591129822242078
0.011083549691665
0.140672248118153
-0.0483363874654369
-0.0290561914295671
-0.0636302548629729
-0.0374655324209393
0.0106121685941307
0.0224714258410534
-0.0172885194419076
-0.016033531370116
-0.0531521971493493
0.024338522191628
0.0547751884331689
0.110461258275766
0.0940942147839912
0.00811570160232275
-0.0528980342512967
-0.0824441819276723
-0.0303504247207322
-0.0195094425121741
-0.0971710588900981
-0.0190084976656359
-0.0642112964975872
0.0277896245703251
0.0478567193681484
-0.0331476045062729
-0.00711287867045295
-0.0246819594508959
0.0470062757921064
0.0465025862051173
-0.00451656699673361
0.0770291104594991
0.0240001351637236
-0.0182970775349372
-0.0100719130726389
0.0416384223301913
-0.00509041359355337
0.0612205431013345
0.0468774656296318
-0.011897540343143
-0.0312084662506561
0.0300168224338299
-0.0304028521526728
0.0355127776243623
0.0158577134622159
-0.0339213975794609
