7.21521,7.22172,0.55889,-0.345893,0.367751,-0.564085
4.23730,7.45339,0.76052,-0.194759,-0.868390,0.711785
0.14381,3.72302,7.19650,0.362706,-0.338529,1.923844
3.83435,3.36763,0.38894,-0.799186,-0.042128,0.975243
0.52385,0.01096,4.08356,-0.230108,-1.901409,-1.356589
4.26593,0.15799,3.71633,-2.242240,-2.501332,1.550193
0.02786,3.45664,3.87471,-0.439648,0.038795,0.744810
3.29510,3.68643,3.83989,2.188204,1.417166,1.944815
1.64094,1.63427,0.12000,0.782946,0.007340,-0.280860
5.92702,1.65266,0.59573,-0.979829,0.217133,-0.714352
2.66277,5.43851,0.86316,-0.993108,-0.226340,-0.766502
5.26620,5.19616,7.32257,-0.074257,1.613308,1.050809
2.22095,1.68179,4.19121,-0.351734,-0.391860,0.591394
4.98427,2.19749,3.68696,2.565638,1.572085,1.103842
1.51617,5.42550,3.90200,0.793465,0.785805,-0.149830
5.70135,5.14586,4.26248,-0.200052,-0.147847,-0.307180
2.05857,7.47094,2.26109,-0.812331,-0.756395,-0.160686
6.09602,0.26937,2.50900,-0.191761,-1.550191,-0.027439
1.81766,3.65343,2.36641,-1.213628,-0.178085,-3.235657
5.95609,3.98509,2.05956,-0.825485,-1.403412,0.163166
1.87667,6.89717,6.44890,0.295164,0.711757,-0.734476
5.49889,7.07719,5.90170,0.806498,1.069849,-0.268078
2.04079,3.99143,6.04011,0.804489,-0.218870,-0.806065
5.68500,3.33934,6.15771,-0.469119,-0.878543,-2.477675
0.12228,2.06699,1.90686,1.672928,0.641306,1.048144
3.45050,1.62855,2.10172,-0.096200,1.057238,-1.551837
7.17375,5.86540,2.41382,1.173148,-0.291978,0.538702
4.19497,5.73999,2.48288,0.404464,-0.037010,0.865230
0.01084,1.58220,5.45980,-0.596184,1.316815,1.534004
4.09447,1.46453,6.33990,-0.871058,0.172551,-2.096217
7.30815,5.28358,5.91405,0.445481,0.830164,0.559741
3.64451,5.71333,5.27666,-0.368550,-0.086744,0.191810
7.25510,7.41009,0.77586,0.300082,0.287129,-0.476726
4.28058,7.27801,1.07411,-0.048689,2.081813,-0.215794
0.18873,3.60486,7.24674,1.163335,0.646963,1.454454
3.84652,3.43428,7.31083,0.575063,-0.654014,3.031835
0.54010,0.05659,4.34442,0.333911,-0.742464,-1.084085
4.01162,0.08102,3.83453,-0.780024,-0.009311,0.522866
0.03948,3.42093,4.07601,1.090559,0.562723,0.460458
3.39253,3.87836,4.06564,2.105554,-1.360004,-0.698431
1.86533,1.44728,0.26239,-0.084919,0.822614,-0.278133
5.74832,1.78995,0.98200,-0.040411,-0.192309,-1.829142
2.58222,5.34892,0.87677,0.112165,1.033208,-0.964493
5.09808,5.50475,7.50650,1.037008,-1.835461,-0.325738
2.16073,1.92565,4.38648,-0.125869,-0.624220,-0.338560
5.24642,2.13093,3.86684,0.151074,0.944964,0.609169
1.67063,5.40222,3.95876,-0.823202,1.615812,0.221256
6.06721,4.98799,4.08924,-1.319794,0.188460,2.975278
2.21680,7.49317,2.14671,-1.638393,-0.760242,0.750373
6.09712,0.28579,2.69492,-0.325688,-2.524205,0.585055
1.84562,3.79829,2.26200,-0.262455,-1.350489,-0.203750
5.88728,3.92041,1.92331,-1.029667,-0.869358,0.094570
2.15806,7.01555,6.45356,-0.630714,0.828761,0.129015
5.88094,7.15768,6.02507,-1.388026,1.776329,-0.710017
2.30273,3.99955,5.99285,-3.035007,0.499571,-0.232583
5.77788,3.34562,6.18208,-0.196529,0.346374,-1.038637
0.17512,2.13877,2.22363,1.122065,-0.374212,-0.830474
3.63125,1.64791,2.01242,-0.372210,1.349612,0.281423
7.18802,5.67455,2.41627,2.460766,1.439652,-1.384026
4.23684,5.61188,2.83119,-0.458460,0.726609,-1.058362
0.07052,1.83682,5.77525,-0.140618,-1.152621,0.569418
3.95287,1.43223,6.12109,0.285729,-0.811555,-0.344598
7.40742,5.56441,6.33193,1.033537,-1.343590,-0.006318
3.79777,5.87685,5.33254,0.929827,-0.546539,0.334694
7.20962,7.48133,0.61132,-0.442176,0.372119,-0.307427
4.23212,7.51919,1.00858,-0.374491,-1.017683,-0.713095
0.51261,3.61198,0.13723,-0.872931,-0.342940,0.683042
3.80310,3.21482,7.53403,-0.429920,0.579748,1.367803
0.76977,7.47492,4.47298,-0.752435,0.580883,-1.027718
3.74098,0.14579,3.93153,0.739398,-1.096081,-0.382463
0.33717,3.50378,4.37601,-0.215706,0.559709,0.249069
3.52379,3.58112,3.93747,-0.655104,1.725048,0.950029
2.01995,1.43828,0.44006,-1.474172,1.886248,-0.827457
5.80452,1.73250,1.07676,0.082429,0.652836,-2.099594
2.43143,5.56027,0.95696,0.160571,-1.134622,-0.707183
5.15385,5.44313,7.47891,-0.296208,0.725525,-0.685688
2.17154,1.67027,4.36091,-1.018190,1.308781,-0.027386
5.19934,2.21569,3.82962,1.907127,-1.127742,0.461296
1.55968,5.47225,3.92796,1.186476,-0.804296,-0.718772
5.65676,4.98490,4.19690,2.661117,-1.057188,1.160684
1.78328,7.45777,2.07087,-0.159974,-0.149726,1.732171
5.97651,0.03443,2.52569,-0.361822,-0.977642,1.932314
1.98940,3.39294,2.25246,-0.514156,0.909273,-0.732749
5.77627,3.95301,1.66083,-0.105149,-0.481175,1.474003
1.91352,7.23862,6.54936,0.873646,-0.550412,-0.411438
5.86937,7.15435,5.56793,-0.916688,0.714933,0.015510
2.22046,4.05004,6.09242,0.030294,0.359444,-1.203789
5.58596,3.23299,6.14397,0.855135,0.228916,-0.429707
0.04052,2.12940,2.48836,0.509650,-0.688923,-0.211816
3.62271,1.68783,2.06479,0.156593,0.492671,1.254980
7.24606,5.78409,2.18946,0.474117,-1.308596,0.501853
4.24143,5.65431,2.73624,-1.609218,0.911956,-1.660266
7.35145,1.43022,5.99893,-0.142536,0.270968,0.682936
3.69789,1.18160,6.23383,1.456033,0.188769,-0.977806
0.06991,5.75217,6.10796,0.214589,-1.493313,-0.103481
3.83034,5.80841,5.34313,-0.966299,-0.237487,0.762144
7.08859,7.36082,0.73829,-0.153021,1.393561,-1.266554
4.49310,7.58368,0.93819,-0.557309,-0.239668,-0.537871
0.17951,3.47025,0.15333,0.330208,1.596671,-0.046976
3.68423,3.12414,0.30210,-0.375554,1.666104,-0.160697
0.71193,7.52354,4.24126,0.121047,0.835514,-0.021981
3.79777,0.25170,3.95493,-0.266824,0.080833,-0.135503
0.21678,3.45739,4.22946,-0.025920,1.482362,2.042473
3.60484,3.74345,3.56403,0.783933,0.593352,1.828078
1.78864,1.74363,0.17552,0.060465,-0.225156,0.823689
5.70882,1.96443,0.83246,0.286560,-1.761303,-0.812778
2.49260,5.49501,0.88518,0.400594,-1.174967,-1.072642
5.39967,5.64921,7.20261,-0.335402,-0.416694,0.340437
1.93327,1.91198,4.41345,0.904241,-0.172948,-0.388132
5.27399,2.14708,3.83105,0.602122,0.136520,1.005532
1.66955,5.46415,3.92460,-0.013352,-0.416505,-1.101700
5.98743,4.95441,4.11276,-0.445770,0.734048,0.167347
1.63978,7.28738,1.96963,0.248257,1.299638,0.805367
6.14330,0.15875,2.67505,-0.519167,-1.178407,0.545633
2.03202,3.48852,2.08571,-1.692470,-0.097464,-0.724671
5.42457,3.98639,1.80877,-0.581891,0.467720,0.645839
2.00243,7.32032,6.78366,0.482414,0.122475,-1.125210
6.09292,7.33804,5.60884,-1.570480,0.042535,-0.258896
2.24492,4.29494,5.90086,-0.020634,-1.233522,0.531867
5.48144,3.51996,6.13229,0.522544,-0.411923,-0.801459
7.33433,2.17193,2.65164,0.643955,-0.970450,-1.819759
3.63332,1.61244,2.07330,-0.672105,-0.074563,0.381402
7.15939,5.51098,1.96213,0.838157,-0.924730,0.788829
3.84827,6.04003,2.75980,0.747579,-0.108848,-0.485246
0.04849,1.59237,5.90114,-0.570921,0.151983,-0.428954
3.78363,1.37898,6.01699,0.651196,-0.101962,0.105996
0.31597,5.73768,6.07216,-0.470403,-0.456098,-0.140216
3.77478,5.94816,5.13724,0.647951,-0.638109,1.316756
7.04534,7.47833,0.87993,0.494396,0.762540,-0.409371
4.33830,0.03912,0.34085,-0.460351,-0.588544,-0.459970
0.34393,3.41753,0.17368,-0.466941,1.678183,-0.013230
3.84454,3.31961,7.45811,0.000532,1.151381,1.789355
0.78940,-0.01352,4.14376,-1.197077,-2.179691,0.536824
3.84378,0.36898,3.75871,0.836419,-1.138534,0.371142
0.46639,3.54321,4.21057,-0.830140,0.077186,0.816915
3.65080,3.57358,3.79738,-0.295364,1.376874,1.010565
1.99448,1.77052,0.30370,-1.917761,-0.135054,-1.015212
5.78537,1.88208,0.98097,0.434073,-0.939377,-1.238121
2.57342,5.55709,0.99761,-0.364849,-0.599837,-1.359531
5.36478,5.99563,7.45563,0.327927,-2.934008,-0.317804
2.06562,1.65121,4.05199,0.325187,2.853975,-0.002148
5.35679,2.15440,3.89755,1.853535,-0.735568,0.384104
1.58165,5.49009,3.85248,0.364850,0.770580,-0.309382
6.19224,5.28742,4.39532,0.117930,0.104078,-0.968483
1.81428,7.49725,2.17204,-0.639769,0.369924,0.222174
6.40273,-0.02764,2.90805,-0.864413,-0.394221,-0.889135
2.02902,3.48455,2.19140,0.350460,0.922823,-0.752633
5.60345,3.82173,2.09897,-1.241348,0.497090,0.446545
1.88741,7.42699,6.82640,0.489279,0.169527,-0.451674
5.88315,7.47053,5.58148,-0.066306,0.656383,0.633919
2.38598,4.39242,6.02547,-0.707724,-0.191512,-0.449163
5.58625,3.63164,6.03616,0.900026,-0.178483,-0.354577
0.16677,2.23386,2.29702,-0.647514,-1.373304,0.057061
3.56404,1.48195,1.75971,0.594306,1.512708,2.720436
7.24245,5.30727,1.96012,1.506270,0.860344,0.138002
3.73127,6.08324,2.87151,1.373313,-0.228004,-1.069631
0.05800,1.78584,5.80695,-0.254438,-0.827727,-0.122645
3.70955,1.58132,5.96174,0.545094,-0.124817,-1.358733
0.29312,5.80764,6.07632,-0.423729,-0.523669,0.352874
3.95171,6.01863,5.07502,-0.135874,-0.671247,2.061529
7.02705,7.55575,0.85665,1.169428,-0.365574,-1.198970
4.45941,0.04087,0.12569,-1.006094,-0.326637,0.331012
0.38620,3.63025,7.33489,-1.618210,0.314000,1.104712
3.80775,3.40450,0.20181,0.806433,0.134746,0.717208
0.50614,7.64110,4.45792,1.192695,0.377226,-0.112832
4.07575,0.07204,3.77166,-1.334871,-0.468360,0.435052
0.40906,3.47703,4.10167,-1.757847,1.203304,0.501471
3.69008,3.70148,3.82085,0.222867,1.373356,0.376062
1.94445,1.82680,0.30576,-0.575915,0.087948,-0.312185
5.84084,1.78702,0.84619,-0.513924,0.720267,-0.658372
2.22084,5.37112,0.78712,-0.124274,2.527472,-1.402728
5.48987,5.75364,7.26736,0.039241,-1.891032,0.800056
2.08927,2.06066,3.80711,0.172984,-2.248530,1.077504
5.27155,2.03575,3.98195,1.734953,-0.243250,-0.663371
1.55049,5.49761,3.70587,0.590474,0.228387,0.018631
6.03290,5.37680,4.28259,0.566305,-0.618522,-0.419361
1.87332,7.48155,2.25318,-0.349267,0.178655,-0.245247
6.13197,7.51486,2.99058,-0.299572,0.243758,-0.065691
2.03935,3.59969,1.95372,0.053623,-0.541927,1.461551
5.36422,3.86024,1.88001,-0.714648,-0.540066,0.827767
2.00564,7.67562,6.78508,-0.201336,-1.337244,-0.867739
5.97558,7.36092,5.72915,-0.617556,1.052444,-0.114501
2.24121,4.03629,6.06474,0.017760,-0.218159,-2.202844
5.60418,3.40155,5.93245,0.295098,0.716137,0.065262
0.27264,2.08914,2.12961,-0.508880,-1.063667,0.389165
3.51820,1.56055,1.99977,1.383221,0.292563,-0.143269
7.02253,5.29709,1.96582,1.802721,0.922978,0.059344
3.86212,5.93433,2.50567,0.572155,-0.179068,0.096728
7.34788,1.67626,5.88289,0.325504,-0.922967,0.016133
3.66804,1.66437,5.79268,0.055144,0.153447,-0.309028
0.48735,5.68228,6.09288,-0.505191,0.671647,-0.182969
3.94705,5.75637,5.29263,-0.873023,-0.233333,0.621450
7.43933,0.07181,0.43805,-0.253722,-1.538341,0.055286
4.42213,7.53215,0.57908,-0.529105,0.079226,0.144911
0.19483,3.53756,7.36926,-1.606953,0.613928,0.597454
3.69797,3.54192,0.25469,0.217418,0.252153,0.881718
0.49166,7.74231,4.44861,0.681388,-0.446992,-0.500931
3.88734,0.03638,3.82976,-0.337967,0.124103,0.265420
0.24321,3.70547,4.34674,-0.605265,-0.208914,-0.282454
4.07380,3.82156,4.06629,-2.486757,1.438435,-0.471014
1.74839,1.80839,0.25853,0.689190,0.542949,0.131838
5.80810,1.63345,0.60861,-0.948034,1.324575,-0.109532
1.96221,5.61737,0.76218,0.032207,-0.732334,-0.267385
5.31346,5.46191,7.11134,0.147614,-0.042199,2.541897
2.17391,1.94653,3.82993,-0.587951,0.192631,1.035803
5.32195,2.10463,3.70794,1.686367,-1.976732,-0.164656
1.72037,5.67449,4.03652,0.321068,-0.453194,-0.858491
5.81030,5.49025,4.41308,0.759806,-0.113776,-0.951330
1.86508,7.44998,2.27899,-0.098182,0.004802,0.421432
6.02615,7.54361,3.11720,-0.627084,1.148429,-0.660061
1.79284,3.61395,1.95908,1.085064,0.808939,0.795828
5.40629,3.82894,1.92027,0.503734,-0.550850,-0.031936
2.08835,7.61008,7.00717,0.349664,-0.069747,-1.649614
6.00712,7.24006,5.97930,-0.500609,1.260521,-0.508091
2.03899,3.75302,6.01553,0.345666,0.457551,-1.216839
5.51329,3.67623,5.89872,1.256669,-2.110004,-0.183410
0.17284,2.10010,2.28004,-1.184641,-1.050111,0.493577
3.43527,1.41412,1.97236,1.425693,0.900128,-1.061833
6.90884,5.67216,2.06661,0.937784,-0.442973,-0.342915
3.97888,5.75385,2.33880,-0.082439,0.237279,0.305124
7.45419,1.21378,5.70594,0.497049,2.141864,0.401711
3.77156,2.01283,5.80928,-0.035295,-1.430717,-0.078372
0.46444,5.73320,6.11340,-0.474266,0.117678,0.139979
3.65049,5.87380,5.43392,-0.578111,-0.478307,1.126886
7.24170,-0.06435,0.05464,0.761343,-0.522189,1.226673
4.60079,7.36044,0.82444,-0.291128,0.520074,0.120650
0.11481,3.53275,7.69548,0.198781,1.070475,0.237429
3.57039,3.65233,0.34517,0.283677,0.352973,0.504653
0.37107,7.60738,4.93041,0.304324,0.678583,-1.795019
3.87846,-0.00933,3.70603,-0.831621,-0.119655,0.926009
0.19532,3.70794,4.61314,0.319382,0.644853,-1.877607
4.11398,3.81260,4.12394,-0.803831,-0.179309,0.134571
1.85286,1.92067,0.37385,-1.151958,0.626927,0.001973
5.80030,1.85765,0.34939,-0.873431,-0.607228,0.182430
1.92390,5.57980,0.60149,0.982464,-0.280239,1.634886
5.37230,5.23834,7.38455,0.430525,-0.064296,0.673600
2.02571,1.78753,3.55384,0.297442,-0.975069,2.046902
5.69592,1.85402,3.90998,-1.282738,0.354266,1.070735
1.66220,5.95863,4.28788,0.394005,-1.655873,-2.129461
5.93584,5.50295,4.44139,-0.074920,-0.222791,0.069269
1.57264,7.57400,2.51077,0.001414,0.107890,-0.390664
5.92834,-0.13742,2.66532,0.503242,-0.612379,-1.381939
2.00073,3.67838,2.36403,-0.086342,1.360369,-0.550941
5.32399,3.58644,2.03317,0.546025,0.274598,0.167398
2.23545,0.03451,6.62672,0.135792,-0.749249,-1.022931
6.02600,7.21174,6.22095,-1.807778,0.356991,-0.549635
2.12586,3.98757,5.85714,-0.450120,-1.591075,0.298266
5.83396,3.44259,5.91126,-0.819507,-0.202751,0.292994
7.45436,1.77165,2.50418,0.562172,0.322582,-1.379866
3.53588,1.36601,1.79596,1.662705,0.220425,-0.235725
7.10449,5.56087,2.21743,0.281108,-0.090577,-0.266568
3.87950,5.85679,2.65640,-0.075908,-0.278803,-0.009207
0.02477,1.57912,5.55662,0.228989,1.385890,1.419398
3.68533,2.09390,6.00097,0.308562,-1.045263,-0.600991
0.52250,5.72487,6.32706,-1.868104,-0.122988,-0.078582
3.40631,5.78734,5.66487,2.215435,1.042836,1.261301
7.17555,0.01649,0.12349,1.308664,-0.205220,0.187954
4.56955,7.40587,0.83753,-0.571365,0.408217,-0.630551
7.47808,3.38604,7.43654,-0.823646,1.146573,0.326535
3.60931,3.63711,7.53167,0.156420,0.133646,0.176291
0.32176,7.74134,4.65887,0.442796,-0.464680,-0.787159
3.70967,0.18183,3.82986,0.243049,-1.268687,-0.094096
0.07578,3.84759,4.47172,-0.428063,0.367894,-1.521230
3.97621,3.73520,4.05479,-0.416374,1.457083,-1.520838
1.64542,2.08617,0.12685,0.159881,-0.866912,-0.329365
5.57415,1.75100,0.25346,-0.119527,0.838029,-0.239838
2.13337,5.58752,0.60845,-0.267825,-0.458450,-0.040538
5.42833,5.33525,7.53729,0.358322,0.700166,-0.991202
2.27512,1.96033,3.56809,-1.306148,0.164491,1.023362
5.53194,1.78010,3.89947,0.058586,0.363881,-0.373482
1.92909,5.87844,4.11689,-1.153874,-0.409875,-1.209076
6.12735,5.67395,4.39310,-0.969496,-0.055031,-0.707273
1.59630,7.39662,2.28232,0.311513,0.644144,-0.027382
5.90036,-0.00358,2.21227,-0.433925,-0.406890,0.826818
1.88171,3.83868,2.18877,-0.196175,0.098142,0.137331
5.45736,3.76039,1.76853,0.180904,-1.162320,1.563299
2.44061,7.70505,7.17957,-0.423718,0.953300,-0.903750
5.97568,7.36792,6.11777,-1.132139,0.235241,-0.729637
1.98141,4.00486,5.76286,0.080648,-0.950014,0.350434
5.51657,3.64627,5.81474,0.782963,-0.158892,0.236154
0.11536,1.79497,2.40538,0.138268,0.737980,-0.334377
3.39971,1.59879,1.56894,1.082937,-0.509858,0.138884
7.03343,5.67007,2.02816,0.677549,-0.267480,0.139457
3.92524,5.82975,2.42764,-0.032647,-0.575750,0.773348
7.39662,1.61124,5.34573,0.526486,0.160735,1.450093
3.63838,2.08941,5.57408,-0.191670,-1.544901,1.282317
0.30270,5.68415,6.23175,-0.091294,0.547479,0.416559
3.46061,5.82947,5.69139,2.048903,0.347960,1.410956
7.38458,-0.03030,0.24255,-0.686476,-0.129003,-1.324773
4.52124,7.36665,0.71653,0.088225,-0.127664,0.268961
7.36996,3.56725,0.26444,0.549258,0.673678,-0.550594
3.66369,3.63475,0.24182,0.094801,-0.298446,-0.007023
0.33173,7.76858,4.74607,0.217800,-0.900101,-1.020151
3.45307,0.17455,3.85244,-0.175512,-0.188471,-0.361708
7.34457,3.44532,4.03586,0.448861,0.456455,-1.008382
3.95757,3.79432,3.69268,-0.105160,-0.205087,0.347216
1.44518,2.06919,0.12966,0.335605,-0.023556,0.216043
5.70737,1.82241,0.16654,-0.286166,-1.107736,-0.466118
2.18930,5.52873,0.56382,0.022510,-0.029468,-1.100949
5.71297,5.41965,7.03759,-0.354552,0.532458,2.201564
1.97549,2.26767,3.73061,0.160529,-0.922804,0.841262
5.70742,1.54770,3.85887,-0.419793,1.401750,0.345531
1.67676,5.74325,3.87478,-0.037917,-0.461998,0.325627
6.14646,5.47761,4.13194,-1.539115,0.341787,1.332154
1.82337,7.28202,2.01290,-0.187708,0.074633,1.155105
5.65602,-0.11389,2.37632,-0.085481,-0.135252,-0.649738
1.70415,3.83311,2.05080,0.108536,-0.110282,0.292811
5.62477,3.41830,1.80433,-0.363149,0.833556,1.504971
2.43470,-0.01782,6.44780,-0.653307,0.290448,-1.101893
5.72791,7.47212,6.03064,0.350962,0.910042,-1.168393
1.86301,3.85402,5.74868,0.437307,-0.089596,-0.113862
5.46352,3.65107,5.78914,0.470240,-0.873846,-1.273152
0.00984,1.69856,2.28542,0.146453,0.689579,0.271460
3.24695,1.25487,1.35919,1.319549,0.880863,0.799187
6.85295,5.87591,2.09705,1.014881,-0.928506,-1.697214
4.01094,6.00844,2.65153,-0.489956,-0.505321,0.160878
0.08564,1.72948,5.52396,0.013152,0.261923,1.273775
4.03763,1.82818,5.61591,-1.147741,-0.427084,0.223113
0.20126,5.58391,6.08686,0.863712,0.438515,0.085023
3.70352,5.81068,5.53815,-0.110349,-0.321466,0.199269
0.05444,7.77834,0.81821,-0.810438,-0.630347,-0.219977
4.41528,7.50474,0.76244,-0.714383,0.552925,-0.033900
7.27529,3.81925,0.32246,0.292207,-0.637795,-0.248658
3.33386,3.38102,7.38250,1.886536,-0.500582,1.253882
0.50338,7.72984,4.81420,-0.180457,-0.807503,-0.676685
3.14525,0.01232,3.69365,0.219940,-0.156523,0.061638
7.18768,3.40924,4.05575,0.663854,0.035287,-0.833452
4.01196,3.59504,3.64768,-0.407151,-0.131517,0.323712
1.35918,1.85253,0.16570,0.634635,1.023538,1.289082
5.88659,1.72284,0.32195,-0.718998,-0.354815,-1.838541
2.14553,5.44411,7.52421,-0.007192,1.093906,-0.064601
5.50906,5.72395,7.13443,1.379189,-1.653552,0.995385
1.63437,2.01881,3.76335,1.793340,0.419758,0.665258
5.66160,1.45169,3.82069,0.036538,1.185731,-1.241169
1.62583,5.62234,4.07439,0.288097,0.084058,-0.628583
6.00152,5.56797,4.14353,0.094839,0.247784,1.666806
2.01280,7.19067,2.15249,-0.150439,-0.528999,0.073937
5.83012,-0.04495,1.90200,0.129930,-0.758954,1.208675
1.57871,3.89060,1.91955,0.815690,-0.561150,1.601725
5.85205,3.33859,1.97338,-1.955620,0.788634,1.320902
2.41183,-0.04592,6.25591,-0.813109,0.035013,-0.734782
5.62474,7.60100,5.81271,0.416223,-0.008957,0.134284
2.09243,3.85799,5.63685,-0.393664,-0.749571,-1.470150
5.51260,3.65678,5.86613,-0.452747,-0.214645,-0.297904
7.46394,1.65413,2.06479,0.573582,-0.321468,-0.431802
3.17721,1.31977,1.56264,1.053287,0.685786,0.561553
6.72984,5.63216,2.00781,1.210995,0.053175,-0.748327
4.28065,5.86309,2.71016,-1.389010,0.201515,-0.778043
0.12919,1.58668,5.61512,-1.305257,0.377580,-0.357538
4.01128,1.76941,5.42382,-0.913020,-0.108839,0.756960
0.17276,5.16625,6.01894,-0.022403,1.949655,-0.519609
3.84681,5.95491,5.62218,-1.254993,-0.609127,-0.790075
0.06843,7.78759,0.88289,-0.677274,-0.532104,0.190709
4.33566,7.34820,0.94933,0.941092,0.005302,0.294199
7.31817,3.70956,0.53955,-0.091309,-0.362725,0.365057
3.70374,3.39536,0.24379,-0.318098,0.283619,0.473686
0.41233,7.69767,4.98988,-0.337179,0.065737,0.022300
2.85990,7.63164,4.67233,0.998914,1.228177,-0.152402
7.22610,3.23685,4.27223,0.809949,0.963543,-1.375252
3.71191,3.46034,4.02391,1.570257,0.148372,-0.615138
1.38849,2.09073,0.25086,-0.346586,0.223200,-0.702080
5.83217,1.79391,0.28562,-0.400858,-1.027707,1.087240
2.03704,5.38352,0.58533,0.127314,0.232677,-1.307474
5.50649,5.57315,7.19579,0.637815,-0.639909,0.868630
1.84499,2.13567,3.73966,0.308476,-1.359705,1.436257
5.52445,1.47837,3.86674,-0.904824,1.267943,-1.240093
1.65078,5.76865,4.13476,-0.684807,-0.788163,-0.989534
6.04707,5.50560,4.55450,-0.703924,0.288108,-1.352911
2.16930,7.19652,2.07568,-1.963049,-3.084338,1.447342
5.97537,7.54556,2.86358,-0.643347,0.204118,0.313096
1.82763,3.72330,2.09116,0.298865,-0.125776,0.753896
5.69927,3.26097,2.33916,-0.858749,0.867274,-0.436322
2.34331,7.74494,7.14652,-0.983521,0.264360,-1.530117
5.46678,7.50523,5.81016,-0.387938,-1.472374,0.937716
2.06266,3.92918,5.52593,-0.713226,-1.403570,1.330061
5.51733,3.49030,5.96992,-0.052665,0.218516,-0.707321
7.45187,1.52982,2.31552,0.034805,0.237620,-1.009073
3.06455,1.20435,1.54091,2.486183,3.305190,1.234176
6.77572,5.52463,2.08102,0.509738,-0.440435,0.100582
4.12903,5.79928,3.19116,-0.458712,0.217682,-1.050644
7.09475,1.40917,5.60619,0.920891,-0.258434,0.511175
4.02419,1.54887,5.86308,-0.515768,0.152209,-0.237834
0.15502,5.16709,6.12794,1.298533,1.086947,0.846312
3.72853,5.55270,5.61423,0.099000,0.234646,0.493759
7.36879,7.43471,0.82824,0.881653,1.088662,-0.736944
4.29607,7.33197,0.74357,0.680969,-1.327278,1.173490
7.38868,3.79424,0.62852,-0.241534,0.042547,0.250165
3.83026,3.61842,7.41390,-0.365737,0.385230,0.625028
0.36022,7.42040,5.25524,0.649230,-0.039443,-0.461630
3.19836,7.49709,4.94249,-1.048691,2.079285,-0.425898
7.42384,3.11811,3.94686,0.231902,1.052628,-0.249971
3.92645,3.20717,3.73358,0.198293,1.170774,0.533446
1.52854,2.13239,0.27675,-1.098904,0.674170,-0.099286
6.14123,1.85989,0.30453,-1.049315,-0.644737,-0.353182
1.84643,5.52496,7.73580,0.887706,0.517553,0.085308
5.53188,5.45387,7.02385,0.301066,-0.069280,0.551705
1.95920,2.16478,3.73444,-0.802483,-2.083715,0.614560
5.60497,1.53543,3.73785,-0.643664,0.886468,-0.385838
1.68953,5.70240,4.21387,-1.091588,-0.915936,-0.615501
6.09630,5.62662,4.54044,-0.208809,-0.525162,-1.465035
2.23888,7.08203,2.43974,-1.420649,1.088381,-0.959013
5.76384,7.60344,2.83549,-1.173492,1.092164,0.797463
1.74546,3.73493,2.05776,1.050284,0.322285,0.905145
5.55887,3.51095,2.05977,-0.334070,-0.069153,0.296662
2.17238,0.18367,6.56775,-1.062572,-0.941624,-1.053332
5.38822,7.47509,5.71707,0.091694,-0.301473,0.993489
2.03400,3.66969,5.61934,0.342407,-1.489479,0.084990
5.67517,3.56494,5.64738,-0.427302,-1.393512,-0.111012
7.43721,1.39583,2.16716,1.417543,0.282001,0.170688
3.29035,1.44124,1.64970,1.167137,0.293063,0.522461
6.50999,5.78600,1.93329,0.121117,-3.016714,0.811202
3.95825,5.91751,3.21388,1.428248,-1.134119,-0.670976
7.21408,1.14748,5.49039,0.662473,1.556366,0.327610
4.04870,1.55421,6.29778,0.081869,1.101870,-1.612093
0.30322,5.01350,6.09850,-0.842929,1.025785,-0.841665
3.57094,5.35410,5.49858,1.618146,-0.707602,1.297965
7.10671,7.43228,0.58429,0.725812,0.357637,0.147656
4.49608,7.17008,0.72728,-1.455134,1.362439,0.368649
7.36735,3.71569,0.42200,1.480988,1.524584,0.890077
3.84868,3.84262,7.41966,-0.307360,0.300745,0.703587
0.49246,7.54393,5.16135,-0.005198,-0.071626,-0.286559
3.01959,7.60539,4.52559,0.530076,0.146412,0.328083
0.00637,3.29534,4.17025,-1.704930,1.466701,-1.265117
3.66071,3.12718,3.87578,0.500028,1.013456,0.418910
1.67996,2.29594,0.18896,-0.162460,-0.495507,0.381522
6.12508,2.03268,0.25613,-2.059950,-2.612732,0.198102
1.74594,5.58223,7.69827,0.681095,-0.039695,0.351340
5.69208,5.70251,7.05636,0.508736,-2.105860,-1.208046
1.76936,1.84349,3.78539,0.280201,-1.691071,0.570435
5.50780,1.61543,3.52704,0.027714,0.282050,-0.038920
1.67060,5.65229,4.02177,-0.543410,-0.708376,-0.060646
5.97705,5.50180,4.45017,-1.018750,0.574228,-1.378417
2.03815,7.32822,2.21593,-1.159144,-0.394418,-0.446501
5.60507,7.45825,2.72149,0.433573,1.224830,1.242646
1.78940,3.67490,2.25119,0.169039,0.645686,-0.279100
5.28968,3.48567,2.11930,-0.104033,-0.016554,-0.300426
2.47785,0.16389,6.51629,-1.471769,-0.837842,-0.446723
5.44946,-0.15098,4.93061,-0.754260,-1.353708,0.674866
1.77752,3.54092,5.47589,1.441404,0.615640,1.338598
5.69425,3.38392,5.55387,-0.253969,0.162906,0.133766
7.55381,1.36660,2.11904,-0.200295,-0.320299,-0.808984
3.46113,1.22034,1.91581,0.907734,1.336294,-0.315074
6.46913,5.47041,1.97552,0.916291,-0.186275,0.167117
3.86547,5.78602,2.81636,0.059631,-0.873426,0.006025
7.16295,1.28562,5.55019,0.908144,0.687022,0.222453
4.01473,1.81134,6.28731,0.204371,-0.239589,-0.704174
0.05298,5.25059,6.05945,1.395618,0.040622,-0.397627
3.63548,5.41553,5.59948,0.030207,0.205726,-0.207519
6.73125,7.38295,1.00901,2.625458,0.050242,-2.377624
4.45921,7.50113,0.75521,-0.786743,-0.165645,-0.188758
7.46817,3.78568,0.18292,-0.511081,-1.699022,1.507915
3.57589,3.75067,0.42132,0.293263,0.407172,-0.650556
0.72621,7.70448,5.23164,-0.772320,-0.389695,-0.255936
3.06204,7.53996,4.53554,0.240281,0.577465,-0.716157
7.40894,3.27707,3.82111,0.271187,0.602687,-0.334563
3.62767,3.14248,4.06768,0.631433,0.579975,0.817523
1.73312,2.18458,0.20486,-0.498587,-0.505351,0.247043
5.78565,2.01201,0.42675,0.830229,-0.205214,1.343596
1.60458,5.44197,0.96924,-0.120342,0.339691,-1.468413
5.56713,5.74674,6.89456,-0.061996,-0.463636,0.901985
1.86890,1.73791,3.72325,-0.627440,-0.460567,0.023939
5.76315,1.62872,3.71415,-0.562584,0.885779,-0.131396
1.53792,5.53261,4.01236,-0.423829,0.229664,-0.681533
5.90716,5.25033,4.40494,-1.186296,0.689048,1.714904
2.17746,7.32535,1.98091,-0.358898,1.721493,0.982528
5.65431,7.71535,2.83415,-1.463695,-0.011590,2.301272
1.99073,3.69855,2.29000,-0.121666,-0.963280,0.720183
5.02634,3.55441,2.36839,1.021847,0.290464,-0.862087
2.46951,0.13276,6.34132,-0.753847,-0.223931,-0.529788
5.34937,7.58550,5.42726,-0.226417,-0.925107,0.531431
1.74733,3.50375,5.43881,-0.201245,0.076236,1.070460
5.36322,3.63153,5.88623,1.359265,0.686364,0.059859
0.00765,1.33923,2.20798,0.588179,0.557854,-0.175149
3.73630,1.40020,1.65631,-0.548893,0.514959,0.620685
6.47245,5.51541,2.41905,1.440544,-0.529994,-3.023783
3.87519,5.85705,2.82038,0.167658,-0.669119,-0.027397
7.00996,1.18442,5.82782,0.510074,0.640273,0.115880
4.26580,1.82882,6.16362,-2.288626,-2.263634,-0.871893
0.12655,5.40441,6.14826,0.981645,1.212870,-1.369324
3.32244,5.51257,5.65215,0.553443,-0.586450,0.705155
7.22140,7.29907,0.65834,0.325762,-0.403842,-0.394365
4.41116,7.20026,0.63117,1.035868,0.209782,0.775545
7.41260,3.29615,0.08678,3.662109,3.751969,-0.504794
3.79072,3.69329,0.37471,-0.411153,0.280614,-0.112028
0.55129,0.04317,4.64948,0.333574,-1.583925,-1.122809
2.92868,7.47069,4.37676,1.553532,0.923745,0.559799
7.51816,3.16304,3.67145,-1.653989,0.370249,-1.301174
3.74250,3.05765,3.87677,-0.104188,0.428288,1.473353
1.81182,2.11402,0.24776,-0.058537,-0.033007,0.220721
5.94996,1.99012,0.29029,-4.260192,-3.633580,0.929799
1.52101,5.34960,0.86007,0.365346,0.195338,0.212329
5.64621,5.61565,6.91730,1.355133,-0.584448,0.938437
1.91412,1.74264,3.70040,-0.862221,-0.538741,0.264202
5.66226,1.64053,3.62467,-0.074211,-0.244040,0.586612
1.53576,5.85865,3.87604,-1.266132,-1.416989,-0.561682
5.91180,5.44944,4.21553,2.300533,-0.835704,1.767008
2.32611,7.42898,1.86562,-2.234864,-1.561207,1.240349
5.86607,-0.14852,2.15397,-1.498334,-1.401281,-0.021715
1.96100,3.74107,2.56642,-0.344755,0.577207,-1.035608
5.22359,3.43376,2.27665,0.779859,0.226530,-1.277688
2.48948,0.10809,6.37563,-1.721228,-0.419944,-2.151243
5.43604,7.30227,5.32349,-0.717134,1.206991,0.787293
1.54678,3.58970,5.35109,2.558285,-0.821942,1.256524
5.21975,3.82677,5.64371,0.439349,-1.818430,-0.004667
0.03826,1.24912,2.10256,1.964051,1.560753,0.179678
3.79185,1.10233,1.73623,1.301164,2.445691,0.591375
6.35325,5.41831,2.10191,1.362390,0.117090,-2.563575
4.05052,5.60915,3.13513,-2.090476,0.113250,-1.341676
6.99261,1.17806,5.59508,-0.407133,1.891987,1.050350
4.06644,1.78567,6.09633,0.029769,-0.154580,-0.372210
0.49875,5.39206,6.13887,-1.203445,1.241851,-0.114613
3.40022,5.58405,5.90360,-0.458729,-0.089676,0.046473
7.23460,7.40377,0.75420,0.390263,-0.986113,-1.201703
4.76342,7.42832,0.52865,-0.485792,-0.076606,0.243525
7.51459,3.53795,7.08902,-1.170145,-1.224505,0.418625
3.36997,3.74572,0.60045,1.627487,-0.168784,-0.796033
0.21231,7.72623,5.17579,-0.504876,1.141496,-0.673875
2.70401,7.42727,4.51816,0.593126,0.054198,-1.080684
7.25394,3.29010,3.67414,0.210984,0.482654,-0.504202
3.59253,3.01400,3.78085,-0.275197,-0.469762,1.559319
1.88012,1.95842,0.27769,-0.887621,-0.289470,0.133615
5.78428,1.82994,0.47621,-0.390679,-0.185620,0.263554
1.56783,5.14523,0.71972,0.302286,1.806015,0.062486
5.91635,5.57050,6.71878,-1.345452,0.080570,1.294413
1.52524,1.63912,3.61073,1.199675,0.216852,1.844503
5.65549,1.63673,3.53181,0.362596,-1.286309,1.284612
1.64863,5.61804,3.40039,-2.313076,1.406593,1.074481
6.14741,5.38235,4.33662,-0.839215,0.236160,-1.175879
2.37228,7.27622,1.53451,-0.002210,0.067789,1.644355
5.93881,7.45715,2.88802,-0.867072,-0.346065,0.025481
1.87634,3.66044,2.47726,-0.999368,-1.481995,-1.024689
5.18682,3.32357,2.20036,-0.114061,0.482353,-0.895619
2.40607,0.11268,6.09234,-1.097447,-0.710676,-0.610179
5.19459,7.47800,5.25383,-0.478345,-0.267103,0.741559
1.51582,3.67555,5.29266,1.116429,-0.322779,0.683930
5.00957,3.61413,5.56803,1.136411,0.686913,0.240325
0.07314,1.31612,2.03731,-0.122607,1.176708,-0.448155
3.80093,1.34085,1.95355,-0.769077,-0.622801,-0.403581
6.09747,5.25797,1.90558,1.220027,1.498158,-0.949217
3.82964,5.41876,3.04973,1.444090,0.295794,-0.332945
7.02291,1.52591,5.86516,0.354482,-0.341189,-1.258283
3.98365,1.72925,6.13069,-0.080399,-0.407790,-0.033937
0.29108,5.68442,6.04038,2.690690,-0.483888,-0.131273
3.29948,5.51879,5.99481,0.094091,0.039203,0.005473
7.20570,7.29716,0.46071,0.444504,0.350942,-0.357367
4.69246,7.40249,7.62841,-0.321140,-0.673055,1.723754
7.49198,3.47690,7.09223,-1.025568,-1.044874,0.479280
3.53228,3.62252,0.79994,-0.976438,0.908863,-1.366713
0.07845,0.13151,4.63734,0.337411,-0.681285,-0.702980
3.01791,7.45549,4.24127,1.145959,-0.573248,-0.120026
7.16580,2.98495,3.35298,1.599600,1.536139,0.469921
3.60903,3.08433,3.85162,-0.884418,-0.920203,-0.878515
1.96484,2.04963,7.21463,-0.911905,0.207693,0.568347
5.67554,1.70172,0.52640,1.342357,-1.175826,-1.767507
1.62944,5.18252,0.49645,1.187197,0.908788,1.400168
5.81402,5.35178,6.69812,0.411544,-0.045502,1.204794
1.84374,1.46351,3.65756,-0.424459,1.279312,0.552918
5.64422,1.46042,3.63349,-1.852474,-0.621130,0.402850
1.43632,5.73945,3.73588,-0.903460,0.542412,-0.387582
6.25594,5.35320,4.16187,-0.373351,-0.151472,-0.521772
2.53322,7.26148,1.58856,-0.372593,-0.089777,0.647444
5.75492,7.48280,2.91958,-0.169162,-0.425241,-0.720367
1.58257,3.76056,2.45694,0.349977,-0.721244,-0.386270
5.29977,3.23552,1.99370,0.978136,1.872452,1.905251
2.38816,0.14717,5.94070,-0.982963,-1.465531,-0.570581
5.35124,7.21649,5.47493,-0.481210,0.682848,-1.221168
1.43205,3.74866,5.25766,1.123378,-2.047650,-0.291052
5.01819,3.66708,5.44080,1.087920,-0.194780,0.461267
0.18173,1.54355,1.98846,-0.021534,-0.050760,-0.424291
3.81101,1.35962,1.78373,-1.387149,-0.637830,0.666977
6.33135,5.44181,1.76855,0.301393,-0.450864,-0.237995
3.73707,5.33796,3.26828,0.865173,0.350001,-0.712855
6.89243,1.58911,5.61539,0.206597,0.415880,0.841116
4.15514,1.59465,6.00861,-0.003290,0.468394,-0.698543
0.50236,5.59532,5.92597,-0.736815,2.192601,0.396685
3.21348,5.46676,6.00054,0.446782,0.253942,-0.355187
7.14172,7.25058,0.39311,0.925307,0.358316,-0.140919
4.75817,7.19796,0.53551,-0.063826,0.786798,0.001154
7.56288,3.44420,6.89498,-0.740928,0.158187,1.571823
3.43643,3.59311,1.16292,0.504650,1.285840,-0.869443
0.29400,7.64982,5.21698,-0.096398,0.889358,-0.781214
2.98434,7.37103,4.10652,1.796732,0.830044,1.711148
7.29235,3.01413,3.58384,0.970851,0.829862,0.737303
3.49450,2.93876,3.69257,0.897749,0.908787,0.442360
1.82579,2.18490,0.16346,-0.052900,-0.808772,0.018661
5.96733,1.76101,0.35832,-1.570619,-0.032382,-0.921935
1.61226,5.19779,0.93044,0.233671,1.781952,-1.019589
5.75770,5.30835,6.95060,0.285979,-0.466774,0.099742
1.89087,1.44713,3.75388,-1.706622,0.509154,0.473506
5.53607,1.50693,3.76227,-0.248856,0.392759,-0.829116
1.43436,5.92541,3.53087,-1.703206,-0.918933,-0.051520
6.10432,5.33111,4.34196,0.700742,-0.171517,-0.060231
2.91119,7.14557,1.82640,-1.112586,-0.089155,-0.397176
6.28671,7.39135,2.89012,-0.753315,1.160000,0.314059
1.46443,3.71384,2.50728,-0.054404,-1.260917,1.088467
5.50357,3.48265,2.31796,-1.031004,-0.594382,-0.629633
2.33937,0.07128,5.99603,-0.253422,-0.334144,0.172359
5.58980,7.36222,5.46198,-0.562235,-0.965887,0.947701
1.51766,3.62882,5.44152,1.082908,-0.285097,-0.538003
5.03768,3.59388,5.54312,0.353182,0.594786,-0.281031
0.04130,1.76129,2.04265,1.299081,-0.336165,0.726878
4.00052,1.46045,1.79660,-0.188170,-1.270275,-0.084561
6.63457,5.36963,2.00856,1.361988,-0.196222,-1.176923
3.86545,5.31599,3.48160,0.180454,-0.455229,-0.588511
7.28853,1.63618,5.55166,0.010395,-1.352767,-0.258772
4.29989,1.54599,5.83704,-1.045954,-1.469603,0.476306
0.46274,5.64030,6.20257,0.315022,0.516287,-0.175993
3.17357,5.53387,6.09247,0.265732,0.006093,0.023106
7.09114,7.24777,0.51418,1.741805,-0.028530,-0.331350
4.84024,7.05936,7.70272,-1.642967,0.597601,0.245994
7.51365,3.58200,7.13759,1.050052,-2.276188,0.549069
3.31009,3.78126,0.84679,-0.032318,0.217061,-0.453272
0.32683,7.73231,4.94667,-0.218664,-0.072744,0.159660
3.26984,7.56388,4.03982,0.373581,0.283639,0.634799
7.37234,3.21195,3.72309,-0.398268,-0.015904,0.427851
3.65659,3.02830,3.83328,-0.235871,-0.606639,0.155959
1.67315,1.84082,0.22270,0.062191,-0.336734,0.220129
5.83527,1.43380,0.39504,-0.083496,0.508576,-0.228073
1.41043,5.40860,1.20976,-1.244446,-0.755213,-1.338057
5.87021,4.98931,7.19881,-1.267873,2.319399,0.180528
1.79496,1.58150,3.82584,0.522652,0.225946,0.907661
5.59806,1.43050,3.47469,0.089311,0.808104,0.247314
1.39591,5.88381,3.82688,0.089736,-0.542523,-0.423777
6.22821,5.38203,4.11424,0.299794,-0.788756,1.009181
2.67223,7.01934,1.72930,1.532770,2.095939,0.410583
6.10685,7.33207,2.83834,-0.882923,0.168246,-0.654275
1.44204,3.56080,2.58382,0.574880,-0.061239,-0.372183
5.37244,3.45190,2.15219,-0.068905,-0.150125,-0.175303
2.36652,7.71805,6.56467,-0.401221,0.359030,0.145294
5.77456,7.35967,5.35344,-0.874644,-0.858918,1.445249
1.59626,3.52995,5.75896,0.935554,-0.602911,-0.319449
5.14117,3.67928,5.67577,-0.086996,-0.477563,-1.609337
0.03801,1.50272,2.22984,0.388292,0.327742,-0.053340
3.96180,1.60993,1.71212,-1.678289,-0.991481,0.004964
6.77272,5.16238,1.87731,1.924612,0.722565,0.370783
3.90374,5.28398,3.57128,-0.204179,0.627925,-0.457884
7.01881,1.53197,5.70220,0.420327,0.069437,-0.663616
4.21835,1.62554,5.89526,-0.757853,-1.233333,-0.040525
0.51941,5.58042,6.12546,-0.089173,0.903853,0.364368
3.27727,5.52871,6.39780,0.162527,-0.436264,-0.358943
7.27214,6.84421,0.45240,0.568180,2.045969,-1.037730
4.85420,7.05602,7.54259,-0.826872,0.372780,0.595224
7.42888,3.24881,7.11381,0.583145,-0.434592,0.105026
3.31734,3.88761,0.55937,0.213770,-0.725515,0.118850
0.22524,7.70879,4.84476,-0.416046,-0.360688,-0.101118
3.30505,7.55723,3.96666,0.663057,-0.181436,0.569491
7.26783,3.08238,3.57984,-0.570438,-0.701820,0.574238
3.63912,2.78181,3.71504,0.482060,0.979158,-0.377503
1.70636,1.88422,7.32873,-0.227360,0.263999,0.990625
5.87215,1.33564,0.41349,0.052924,0.281608,-0.349953
1.44587,5.19059,1.35900,0.594091,0.071257,-1.466078
5.73976,4.84620,7.01219,0.048375,1.446444,0.981653
1.83723,1.50497,3.84987,-0.171041,-0.829674,1.698154
5.48252,1.23429,3.53022,0.112705,1.698274,-0.395762
1.65082,5.77229,3.75912,-0.521775,-0.311700,0.620020
6.41793,5.13255,4.21035,0.404808,0.483107,-0.238554
2.48783,7.16901,1.69862,0.430779,0.971416,-0.086203
5.70935,7.23528,2.72869,0.034385,-0.662269,-0.695574
1.37376,3.34810,2.68648,1.236222,1.169328,-1.013841
5.39060,3.54549,1.92038,-0.323991,-0.780957,0.072126
2.38010,0.15352,5.97586,-0.508805,-1.483987,-0.749655
5.62122,7.05248,5.23154,-0.610947,-0.789953,1.304112
1.71526,3.57581,5.58235,0.176993,0.265104,-0.180291
5.09631,3.54119,5.37497,0.365620,-0.124895,-0.976255
0.20447,1.42112,2.21151,-0.579686,-0.706528,-0.721469
3.79301,1.57684,1.56387,-0.566022,-0.262751,-0.161946
7.05799,5.15163,1.79342,-0.543011,-0.911238,1.788629
4.04250,5.23678,3.25742,0.011194,0.090716,-0.102420
7.00732,1.35790,5.48942,0.208051,-0.151004,0.073396
4.15778,1.60757,6.00037,-0.191021,-0.564930,0.217007
0.74688,5.99644,6.43869,0.102514,-0.727787,-0.118640
3.39772,5.50748,6.21383,-0.231859,0.572566,-0.935560
7.31121,6.81251,0.34195,0.091118,2.167509,1.431386
4.65463,7.44285,7.53027,-0.314416,-0.420629,0.416593
7.49786,3.45287,7.07652,-0.485828,-0.787432,-0.211092
3.34796,3.92022,0.54330,-0.135261,-0.913103,0.351026
0.17141,7.50341,4.80707,0.823004,1.467028,-0.271583
3.32289,7.35043,4.27332,0.061451,0.085315,-0.005725
6.76165,2.88146,3.70342,2.487487,0.951189,0.299637
3.72327,2.92592,3.92367,-0.118318,0.689595,-0.770965
1.62693,1.94762,7.42549,-0.395046,0.303715,0.766838
6.00922,1.18979,0.30360,-0.193847,1.076858,-0.037296
1.45980,5.26570,1.42309,-0.025327,-0.775041,0.444212
5.68100,5.30196,7.12582,-0.270937,-0.731906,0.770828
1.96381,1.48916,4.01245,-0.172506,-2.209675,1.250218
5.44967,1.26025,3.41072,-1.770102,-1.782574,-0.357692
1.40727,5.56910,4.05289,0.632605,-0.173315,-0.161955
6.57818,5.05765,4.18273,-0.997916,0.695155,1.658933
2.66488,7.13615,1.44794,0.666112,0.364184,2.171044
5.66479,7.29952,2.76655,-0.216057,-0.789252,-0.370434
1.35644,3.25927,2.92966,-0.008925,2.414047,-1.134017
5.13008,3.51767,2.08557,0.336420,-1.235630,-1.179341
2.25518,0.14591,6.09465,-0.770573,-0.507108,-2.044405
5.71550,7.04235,5.46930,-0.606747,-0.339262,-0.586966
1.76995,3.57599,5.56336,-0.225184,-0.149219,0.037818
5.10342,3.64146,5.68773,0.784088,0.270026,-0.178630
0.21859,1.35693,2.30409,-0.167229,-0.563618,-0.254082
3.67339,1.46405,1.57570,-0.087229,-0.167056,-0.018364
6.87565,5.02554,1.97904,0.671490,0.258871,-1.059502
4.03279,5.21574,3.11540,-0.689232,1.170120,0.246853
6.91392,1.11625,5.38902,0.661451,0.216429,0.498899
4.00331,1.68901,5.89074,-0.293933,-0.650296,0.616349
0.69154,6.09906,6.65677,0.736033,-1.313796,-1.372326
3.28864,5.41780,6.20958,-0.006644,1.378871,-0.946261
7.06002,7.04238,0.31583,1.380134,0.607137,0.417020
4.68794,7.50777,0.49163,-0.841976,0.830124,0.077821
7.52021,3.76292,7.07527,-0.826715,-1.428047,-0.184504
3.28431,3.82881,0.22380,-0.511599,-0.092395,0.283624
0.28463,7.50527,4.61279,1.002294,0.451635,0.826439
3.20638,7.49859,4.27624,-0.085273,0.445157,0.075888
6.95261,3.17070,3.72498,0.063958,-1.722976,-0.443047
3.63202,2.98022,3.90059,-0.055463,1.328968,-0.665217
1.60299,1.94452,7.22809,-0.437778,-0.020468,1.312472
6.17120,1.31320,0.38136,-1.806278,1.171911,-1.262539
1.19424,5.58392,1.60312,1.369594,0.433879,-0.026327
5.43739,5.43916,7.34609,-0.377354,-1.870027,-0.521126
1.91644,1.42056,4.27519,-1.109105,0.543845,-1.283136
5.11148,1.36660,3.31548,1.661474,-0.613428,0.812373
1.45305,5.43862,4.09267,0.150625,0.513905,-0.507233
6.43134,5.19439,4.38417,-0.418352,0.997311,1.451967
2.75253,7.59893,1.83704,-2.097032,-3.121546,-0.791441
5.83873,7.34002,2.89317,-1.131519,-0.052379,-0.610138
1.52722,3.32087,2.96962,-0.473741,0.613124,-1.536096
5.03168,3.40010,1.86071,0.175077,-0.040702,-0.198835
2.06938,0.08091,5.96321,-0.047994,-2.367321,1.108080
5.64156,7.24454,5.51130,-0.971459,-0.807010,-0.342367
1.62509,3.55029,5.54610,0.103520,0.326002,0.128915
4.89714,3.66866,5.75540,1.040359,0.554969,0.052981
0.32058,1.31723,2.19902,1.909332,-0.061317,0.816228
3.58672,1.40604,1.64296,0.478410,3.166563,0.069100
6.63595,5.09694,2.07863,0.262520,0.295888,-0.192431
4.15744,5.41205,3.63591,-0.032286,-0.336623,-0.649574
6.89782,1.09929,5.26734,0.740248,1.080996,0.177608
3.88589,1.56680,5.73526,0.544681,-0.630037,0.813753
0.88074,5.98610,6.44547,-0.480044,-0.103869,0.328690
3.17634,5.71076,5.91425,0.821743,-0.093268,0.461052
7.23329,7.23889,0.61869,0.389564,-0.106563,-0.212549
4.80642,7.34858,0.73707,-0.523282,0.401507,-0.001576
0.03073,3.86040,0.50583,0.325732,0.142261,-0.078758
3.24924,4.03115,0.49667,-0.877174,0.416290,-0.522941
0.27034,7.62297,4.72400,0.521106,0.239358,0.436288
3.31881,7.59078,4.43243,0.305558,-0.120132,-0.722501
7.13966,3.13124,3.62852,-0.955104,-0.236136,-0.499639
3.76672,2.98085,3.81251,-0.714634,0.802220,0.494046
1.85193,1.91278,7.26284,-1.182096,-0.584531,0.149747
6.22094,1.56884,0.26621,-1.650505,-0.126999,-0.293299
1.30179,5.72397,1.86742,-0.906359,-1.334858,-2.907861
5.59742,5.27532,7.31045,0.416318,0.117509,0.165391
1.99265,1.35489,4.23220,-0.890568,0.577274,0.044764
5.18973,1.44368,3.24976,1.557802,-1.345539,0.128519
1.64916,5.42502,3.95177,-1.951321,0.046259,1.438124
6.44297,5.36494,4.59828,-1.418618,-0.905592,-1.155628
2.66079,7.40912,1.82551,0.869245,1.401281,0.826583
5.78260,7.38542,2.90714,-0.470733,-0.265369,0.014113
1.69539,3.30805,2.75591,-0.326938,0.402954,-0.922929
5.17883,3.43146,1.65750,-0.435785,-1.303199,0.024690
1.89420,7.65361,6.94592,0.626549,1.157564,0.209754
5.39435,7.12039,5.69475,-0.024861,0.892741,-0.074184
1.51215,3.32910,5.51621,0.749382,1.176863,0.196515
4.92145,3.81202,5.72670,-0.170355,-1.072204,-0.247212
0.52949,1.30165,2.06017,0.876461,-0.251456,0.369932
3.49257,1.73648,1.44735,0.585661,-0.589084,0.851172
6.61572,4.95844,2.11045,1.329138,1.962400,0.715374
3.86431,5.34104,3.49740,1.739002,0.289114,-1.188798
6.96528,1.24883,5.30312,0.229893,-0.065674,-0.220851
3.86540,1.22482,5.87581,0.548453,0.463476,-0.208154
0.83799,5.88241,6.27830,-0.743271,-1.823776,1.420686
3.00136,5.56808,5.71859,2.171740,-0.357959,1.771183
7.25678,7.48066,0.82187,-0.677821,-1.492959,-0.083156
4.56448,7.36138,0.58195,0.583655,0.005094,-0.318075
0.09492,3.84922,0.58215,-0.294502,-0.523190,-0.079399
3.25946,4.35776,0.52691,-0.684590,-0.969930,1.284560
0.23688,7.69375,4.80035,-0.028030,-0.686751,1.094514
3.42861,7.64113,4.41593,-0.596894,0.589879,0.152823
6.94326,3.26758,3.43113,-0.001939,-0.527375,0.341580
3.67045,3.08633,3.54441,0.935067,-0.106916,1.089353
1.77457,1.96186,7.19639,-0.196610,0.990133,0.273405
6.20631,1.52189,0.01160,-1.873783,0.513721,2.127659
1.36700,5.53770,1.74866,-1.008345,0.283005,-1.955874
5.72190,5.35823,7.20348,0.184745,-0.266419,0.130898
1.86021,1.42081,4.12432,0.282151,0.270304,0.996377
5.41327,1.41545,3.12501,0.204895,-0.761464,0.287821
1.48681,5.53058,3.99028,-0.069557,0.992976,0.974114
6.22655,5.51202,4.60321,-0.723856,-2.469326,-2.052236
2.76318,7.26223,1.96146,-0.155494,0.481031,0.884219
5.82735,7.20100,2.71733,-1.145976,1.683790,0.707679
1.68180,3.41665,2.57864,-0.930151,-0.404910,-0.444989
5.03501,3.27540,1.55067,1.122947,0.132469,-0.262121
1.41593,7.84602,7.35967,1.293043,-0.555517,-1.921059
5.47511,7.22795,5.57719,-0.468596,2.426564,1.282001
1.53077,3.58927,5.23464,0.542624,-0.438264,1.084207
4.85820,3.67786,5.69040,0.093960,-0.647258,0.035232
0.67402,1.19819,2.15450,-0.145118,0.751636,-1.244216
3.35869,1.45769,1.59960,0.234576,0.465561,0.260730
6.54929,5.15296,2.19039,0.561785,-0.308754,-1.017240
4.00457,5.60133,3.45372,0.075838,-0.889626,-0.489679
7.00354,1.54405,5.35354,0.811788,-0.102230,-2.174558
3.77106,1.27648,5.73096,0.181381,0.326570,-0.310582
0.47720,5.77211,6.47403,1.928060,-0.194293,1.065269
3.19977,5.54457,6.05643,-0.035252,1.432447,-1.719258
7.20371,7.28544,1.05427,0.239505,-0.597404,-1.012158
4.77184,7.69099,0.63159,-1.462587,-1.215119,0.151789
0.18400,3.87328,0.46346,-1.720524,0.098750,0.018317
3.35831,4.05256,0.77081,-2.195226,1.281629,-1.317943
0.27499,7.65708,4.74240,-0.714793,0.209209,2.042991
3.33535,7.65894,4.46044,0.311591,0.311913,-0.332886
6.82208,3.27416,3.28508,1.444301,0.152553,0.777861
3.68026,2.90829,3.52486,1.852872,-0.104532,1.124608
1.60971,2.24626,7.26146,0.388108,-1.234088,0.395258
6.00022,1.43360,-0.03111,0.510266,1.569212,1.245925
1.22552,5.56191,1.62349,-0.963647,-0.722310,-0.309062
5.39622,5.35487,7.43392,-0.142111,-0.085659,-1.366701
1.81782,1.35555,4.18202,-0.925971,1.174257,-0.944874
5.71623,1.30237,3.29032,-1.143071,0.091160,0.089889
1.31513,5.85972,4.04686,0.840141,-1.597761,-1.320787
6.21519,5.40063,4.41931,-0.217541,-0.497946,1.268236
2.69108,7.13143,1.78093,1.008905,1.701825,0.483917
5.75404,7.40893,3.07124,-1.237780,-0.402303,-1.069588
1.80819,3.37103,2.55624,-2.112990,0.303380,-0.621651
5.14237,3.25780,1.63172,1.884284,-0.981603,-0.043974
1.40633,0.13324,6.10203,0.082602,-0.847264,0.592766
5.67505,7.31850,5.76753,-0.031040,0.270884,0.011987
1.40230,3.47026,5.34820,0.434515,1.270611,-0.825410
5.41183,3.38314,5.75291,-0.461303,0.331249,0.043309
0.56236,1.10491,2.19125,0.075804,1.762283,-1.460390
3.36482,1.61402,1.29638,0.625370,-1.025401,0.502282
6.34927,5.21999,2.16278,0.767039,0.660088,-0.602382
3.90082,5.55238,3.40371,-0.049438,-0.551429,-0.500044
7.00268,1.67112,5.23395,0.861691,-0.629145,-0.220253
3.61204,1.45203,5.46692,1.542936,-0.242862,1.507274
0.77755,5.82308,6.34193,-0.871721,-0.052848,1.240333
3.00906,5.62157,5.80631,1.379812,-0.401327,0.451363
7.05615,6.97545,0.91944,1.075723,2.599826,-1.500877
4.61569,7.51597,0.59138,0.381566,0.008237,0.119089
0.07960,3.97041,7.68873,-0.876342,-1.235775,-0.332556
3.48853,4.19407,0.33384,-0.798471,-0.103448,0.283322
0.00698,7.64870,5.13228,0.203213,0.851259,-1.580130
3.26008,7.71263,4.26948,0.693458,-0.652498,-0.259494
6.99595,3.17163,3.15448,1.282272,0.835852,-0.184334
3.88175,2.95507,3.52908,-0.399828,-0.234204,2.333544
1.62759,2.08552,7.30774,-0.303905,0.231225,-0.112662
6.08939,1.42200,-0.25728,-0.085747,-0.074591,1.064959
1.30263,5.54741,1.49251,0.086748,-0.485785,0.478796
5.67164,5.34738,6.86119,-0.092312,-0.274142,0.577485
1.92485,1.36464,4.12852,-1.822652,0.474836,-1.120106
5.72344,1.32057,3.21859,-0.931254,-0.163884,0.516535
1.37120,5.88652,4.03851,-0.531068,-0.186139,-1.306096
6.09858,5.12228,4.28292,-0.231826,0.398304,1.106164
2.88457,7.08865,1.80450,-1.037013,1.123715,1.248254
5.45013,7.44604,3.00883,-0.341721,-1.280975,-1.058799
1.85373,3.11847,2.42440,-0.633001,1.680033,-0.369803
5.08603,3.13214,1.73572,2.268247,1.435996,-1.888386
1.47751,0.04402,6.02518,0.710627,-0.304033,1.144462
5.72746,7.42416,5.91610,-0.270193,0.827043,-1.104296
1.50806,3.35473,5.27325,0.952268,1.812209,0.048326
5.16912,3.33141,5.86156,-0.212202,-0.353071,-0.630004
0.71919,1.12745,2.08223,-0.948249,-0.941046,-0.256266
3.47400,1.67802,1.33744,0.068526,-1.936957,0.000417
6.39288,5.29443,2.00273,-0.615416,-2.036511,0.552447
3.75832,5.36976,3.22431,0.201506,-0.150652,-0.335383
7.25984,1.53096,4.99410,-0.180260,-0.251759,0.060919
3.57213,1.44896,5.54132,1.608453,-0.183784,1.539721
0.83958,5.90211,6.34810,-0.614620,-1.479046,0.797226
3.03930,5.46643,5.61889,1.393472,0.049766,0.167527
7.25011,7.03172,0.78730,-0.742672,0.006151,-0.166326
4.49522,7.51679,0.73570,2.062152,-0.441975,-0.939261
0.05058,3.87011,0.55275,-0.678295,-0.018817,0.219402
3.37806,4.15521,0.31183,-0.523445,-0.278981,0.497502
0.04473,7.77241,5.14110,-0.589872,0.022104,-0.214929
3.41301,7.64383,4.39927,-0.988422,-0.000074,0.472338
7.04154,3.10723,2.87874,1.368350,-0.658119,0.550918
3.93821,2.82336,3.65421,0.243521,0.848367,1.534455
1.73274,2.27390,0.20574,0.433196,-0.642208,-0.412385
6.08634,1.45287,-0.30848,-0.249845,-0.723196,1.242547
1.50668,5.57143,1.61810,-0.983606,-1.385760,-0.344079
5.62657,5.25704,6.89129,-0.194180,0.537516,0.203215
1.71864,1.47302,4.02155,0.797126,-0.231272,0.363769
5.51488,1.29080,3.15387,1.194148,1.426060,1.405487
1.07816,5.71952,4.17600,0.327682,-0.170213,-0.627796
6.20696,4.99541,4.40301,-0.644180,0.109443,0.003462
2.89512,7.19352,2.02349,-1.889500,1.728544,1.915405
5.38342,7.43143,3.11004,0.425336,-2.677158,-2.104450
2.12140,3.27829,2.46577,-1.607365,1.065521,-0.719985
5.03998,3.06269,1.52372,1.883666,1.373811,-0.840015
1.70111,7.80480,7.28578,0.858228,0.810338,-0.375501
5.33791,7.48069,5.84286,0.762043,-0.358880,-0.211450
1.56277,3.41413,5.29379,0.773070,1.646379,0.111191
5.05868,3.22154,5.85992,0.397688,1.079900,-0.360989
0.61145,1.10251,2.00093,-0.425701,0.174252,-0.237221
3.56465,1.52664,1.57027,-1.278097,-1.978051,-0.330418
6.19805,5.02866,1.99176,0.198309,1.681634,-0.303611
3.70990,5.38515,3.04480,0.485389,-1.320249,0.694957
0.02152,1.74205,5.83047,-0.731405,-0.447514,-0.724859
3.65510,1.46394,5.69785,-0.837192,-0.683656,-0.037948
0.49488,6.00387,6.58966,-0.003904,-1.238303,0.395104
2.96839,5.65020,5.89798,0.157777,0.744403,-0.658530
7.08633,7.28988,0.77049,1.388694,-0.044929,0.155463
4.77016,7.62807,0.66989,-2.159352,-1.040095,2.167916
0.01077,3.80604,0.85314,-0.441865,-0.469892,-0.274868
3.19613,4.09989,0.40577,0.540763,0.506798,-0.221765
0.00498,7.91964,5.18827,-0.340149,1.256668,-0.713739
3.41972,7.76467,4.61952,-0.150414,0.289150,0.631492
7.33069,3.10314,2.97436,0.001271,0.434264,-0.807902
3.88411,3.22976,3.85196,0.572331,-0.900720,-0.109532
1.77269,2.26828,0.27695,-0.236387,-0.282558,-1.584278
6.13212,1.51885,-0.32257,-0.551379,0.247620,0.813931
1.44278,5.47509,1.65242,-0.769346,1.939346,-0.659162
6.07240,5.36056,6.89645,-0.544055,0.396435,0.540921
1.91622,1.77204,4.07423,-0.163238,-0.735599,0.481416
5.72051,1.53866,2.99185,-0.814266,-0.769550,1.221730
0.95114,5.95402,4.16257,0.670565,0.328170,-0.945949
6.27419,5.16484,4.57830,-0.089715,0.100424,-0.992983
2.71182,7.26446,2.39963,-1.077647,0.043592,-0.570630
5.43575,7.63235,2.96116,0.008395,-1.161876,-0.131700
2.00131,3.51925,2.40877,0.138566,-1.487617,0.799530
5.30593,3.17563,1.39168,-0.500090,0.345972,-0.524280
1.96976,-0.06779,6.26338,0.372448,1.215098,0.335748
5.46489,7.44262,5.82944,1.048572,0.126637,-2.450370
1.44166,3.92478,5.24004,1.277876,-0.262947,1.583526
4.98906,3.55009,5.87872,0.073970,-0.353630,0.474082
0.67161,1.33454,2.02762,-0.857330,-0.469729,0.559045
3.39786,1.23638,1.66055,1.221167,2.803249,0.135228
6.42596,5.17132,2.07493,-0.145956,0.734294,0.287935
3.58378,5.38109,3.05784,1.000726,-0.655679,0.485540
7.46671,1.45571,4.95790,0.338256,-0.068999,-0.612230
3.58487,1.50435,5.91551,0.758776,1.193391,-0.469777
0.82493,6.37395,6.56546,-1.651371,-2.753162,0.370224
2.96345,5.85820,5.86552,1.080183,-0.504125,0.025439
7.18442,7.49554,0.46272,0.450024,0.182960,0.634153
4.61011,7.71082,0.85347,-0.864517,-0.997483,-0.086121
0.03155,3.68969,1.07608,-0.500747,1.511993,-1.382055
3.05332,4.01181,0.29786,0.216133,0.437091,-0.385645
0.11234,0.14533,3.85042,0.018069,-0.376933,0.221355
3.15177,7.73211,4.77140,-0.000291,-0.027535,-0.727008
7.48238,3.42731,2.74837,-0.561269,0.057651,-0.240430
3.89411,3.30972,3.81455,0.931764,0.989584,1.334860
1.70417,2.06728,0.17403,0.198388,0.279489,-0.279505
5.93048,1.61305,-0.31487,0.387407,-1.622305,-0.313127
1.27834,5.63167,1.51062,0.150420,0.704205,0.187368
5.78810,5.79943,6.89586,0.232254,-2.976707,1.087124
2.21305,1.68723,3.87740,-2.080277,0.271423,1.742272
5.66908,1.94894,3.10149,0.484046,-1.252496,0.311600
0.94636,6.08045,3.94282,0.148627,-0.008166,-0.285180
6.28744,5.37044,4.39348,0.113329,0.109128,0.941130
2.29577,7.62795,2.46580,0.208727,0.546884,0.373353
5.29149,7.60173,3.10999,0.327320,0.558768,0.524585
2.06416,3.55179,2.42194,-0.846606,1.059338,0.047677
5.28728,3.30216,1.08656,-0.410987,0.356416,0.829298
1.81005,0.05087,6.22311,0.683561,-0.054263,-1.147858
5.38161,7.50236,5.69693,0.117165,2.294690,-1.548793
1.58241,4.05441,5.23772,0.839196,-0.847597,0.493354
5.25323,3.52153,5.92725,0.215547,2.033678,-1.280630
0.23052,1.62186,1.86874,0.607401,-1.661062,2.264163
3.52918,1.85444,2.00324,0.647561,-1.651182,-1.837985
5.85537,5.27226,2.15476,0.961666,0.760042,-1.084820
3.86374,5.66117,3.23333,-1.359252,0.248592,0.255604
7.35049,1.38794,4.85786,0.157902,0.542945,-0.123114
3.76999,1.78054,6.04579,-1.452220,-0.330068,-0.631832
1.13301,6.10746,6.38855,-1.229354,-0.068853,-0.108436
3.36525,5.76997,5.82694,1.209013,-1.070228,0.214644
6.89752,7.49899,0.39323,2.170199,0.949633,0.900926
4.61885,7.79890,1.09441,-0.594848,-0.805192,-1.083286
7.39058,3.75922,0.06218,0.207852,0.070646,-1.560029
2.93120,3.94659,0.29975,0.252818,0.883453,-0.120486
0.11954,0.15191,3.80443,1.107852,-0.299441,0.377100
3.15299,7.77855,4.64107,-0.644400,0.912673,0.995484
7.41999,3.45984,2.45022,-2.086793,1.184255,2.109686
4.27679,3.45300,3.87861,-1.293951,0.902441,-0.772764
1.74779,2.05605,7.00975,-1.117140,-0.487753,1.180224
6.02151,1.54460,6.60510,-0.637817,0.660409,0.879687
1.19324,5.87643,1.66973,0.160095,0.946605,-1.125499
5.90342,5.77100,6.77365,0.202871,-1.903323,0.261830
2.08545,2.09252,4.06660,-0.229663,-1.789697,-0.072634
5.68189,1.93613,3.03192,0.769333,-1.262637,-0.165049
0.89056,6.03883,3.96109,0.331440,0.192734,0.006592
6.18807,5.62988,4.35821,-0.052566,-0.624059,-0.211298
2.63692,7.78700,2.36156,-1.086974,0.395371,-0.627416
5.44018,7.76910,3.24840,-0.653885,0.086734,-0.879321
1.92914,3.82027,2.48469,2.486711,0.109988,-0.424029
5.19918,3.30660,0.94940,0.177942,-0.091339,1.367653
1.84903,-0.05834,5.78801,0.122112,-0.078446,0.123829
5.45674,7.65862,5.54038,-0.196268,1.297874,0.947802
1.57631,3.93296,5.31358,0.302857,-0.272598,-0.149149
5.11443,3.68093,5.94568,0.279657,0.306190,-0.450232
0.18817,1.87057,2.00408,0.587807,-1.390800,-0.065834
3.55294,1.88598,1.96909,-0.814048,-0.336529,-0.362348
5.52817,5.52983,1.94180,0.948276,-0.064882,-0.223194
3.75196,5.87827,3.38919,-0.784914,-0.669728,0.074342
7.27530,1.47980,4.78497,0.835242,0.125857,-1.188430
3.70118,1.62321,5.92384,0.577111,0.106033,-0.743402
1.06994,5.85448,6.31855,-0.501683,0.887986,1.285562
3.69996,5.76254,5.98086,-0.825222,0.057543,-0.286314
6.87403,7.29389,0.63644,1.107395,1.159157,0.480342
4.55285,7.66772,1.12305,-0.132655,-1.675074,-1.815635
0.03191,4.12981,0.94634,0.467166,-1.477135,-0.826990
3.09913,3.67791,7.40449,-0.599102,1.305859,0.232324
0.43078,0.02871,3.81324,-0.668795,0.454013,0.634798
2.97160,-0.04680,3.67551,0.493735,-1.100260,-0.547477
0.00553,3.85866,3.55794,-2.606759,-0.688895,-0.842710
4.30775,3.41039,3.77763,-0.875151,0.800208,-1.015343
1.83490,1.79165,7.19314,-1.385277,-0.317978,2.549940
5.91829,1.52326,6.67641,0.330180,0.012055,0.171919
1.21450,5.89893,1.78405,0.968893,0.246351,-1.259568
5.74662,5.57222,6.96104,0.093622,-0.881917,0.204409
2.06191,1.98307,4.17292,-0.281531,-1.015649,0.022179
5.79788,1.84780,3.11808,0.713804,-1.279324,-0.283692
0.62612,6.05343,3.95570,0.628116,0.320417,0.506351
5.97169,5.70243,4.38971,0.344705,-0.789120,1.231743
2.77045,7.58776,2.57391,-2.156037,1.553903,-0.633087
4.97434,7.65357,3.28468,1.232808,0.516954,1.658410
2.05974,3.80637,2.70739,0.796380,-0.138046,-1.315785
5.28901,3.39574,0.99056,0.188917,-0.794428,1.097042
1.95553,7.61550,7.12723,0.445821,1.196433,1.308536
5.26344,7.50525,5.76646,0.378012,1.761520,0.383717
1.35835,3.76083,5.29460,0.951973,0.233644,1.698436
5.01340,3.48137,5.85434,1.066321,0.859614,0.390464
0.12550,1.68873,1.99336,0.884618,0.216198,0.770642
3.45717,1.88049,2.07928,0.103827,-0.350635,-0.685009
5.62218,5.43344,2.18489,-0.171925,0.316774,-0.948121
3.35207,5.61903,3.44024,0.331528,-0.245982,0.070214
0.09364,1.58475,5.93110,-1.118887,-0.354367,-1.875171
3.67590,1.56917,6.16149,0.592148,-0.028853,-2.047314
1.07214,5.71810,6.36022,-0.726551,0.005274,0.514037
3.77410,5.54837,5.75974,-1.397305,0.179291,0.170402
6.89780,7.44881,0.87695,0.786553,0.226561,0.280224
4.56665,7.70660,1.10219,-1.320549,-0.674545,-0.765374
0.44352,3.93217,0.89533,-0.889475,-0.248549,-0.312686
2.88007,3.81814,7.31575,1.383525,0.922938,1.034994
0.42722,8.07284,4.77378,-0.320578,-0.338753,1.917124
2.92850,7.87321,5.15090,0.431776,-0.235092,-0.074352
7.28586,3.80520,2.62477,-0.381481,-0.870231,0.137729
4.51531,3.45315,3.63750,-0.478698,0.300526,-1.152137
1.81118,1.88398,0.20340,-0.878242,-1.276346,-0.532005
5.97055,1.53204,6.65201,0.402438,0.252014,0.572388
1.22435,6.14879,1.79426,-0.042665,-1.198839,-1.805667
5.74212,5.63863,6.97983,0.401258,-0.335899,-0.069006
1.95643,1.78840,4.22941,-0.711017,0.778295,-0.751940
6.05852,1.63226,2.95110,0.132261,0.642879,0.200402
0.85780,6.01691,4.00456,1.619740,-0.351533,0.089080
6.44162,5.82576,4.44171,-2.231137,-0.098202,0.636490
2.51897,7.75629,2.76659,-0.905053,2.302207,-0.837104
5.46230,7.81946,3.22023,-0.262389,-0.112859,0.427457
2.12312,3.99445,2.63747,0.640785,-0.529634,0.390473
5.40902,3.29242,1.22670,-0.372113,0.007727,-0.829526
2.03450,7.89054,7.47228,-0.117359,-0.316388,-0.105926
5.36949,-0.14712,4.38493,-0.143506,-0.600081,0.559516
1.56847,3.89055,5.40923,0.631184,-2.297756,-1.957291
5.02875,3.51769,5.82054,0.427081,1.128412,1.120993
0.43601,1.73991,2.14158,-0.196021,1.610332,-0.799965
3.46350,1.73160,1.95552,0.583236,0.499278,0.530976
5.50394,5.56529,2.25760,0.072618,-0.175868,-0.591593
3.46831,6.01301,3.57223,0.994774,-1.964078,0.184218
0.07515,1.25467,5.75591,0.041848,0.152917,-0.277230
3.66923,1.57740,5.77085,0.362388,-0.002258,0.019517
0.88714,5.59242,6.40641,0.290399,2.710870,2.456228
3.54523,5.64880,5.90830,0.048416,0.091955,0.303992
6.88954,7.46743,1.02163,0.978985,-1.704746,0.300099
4.39117,7.68894,0.92491,-0.393623,-0.775511,0.157593
0.55914,3.95909,1.11309,-2.424240,0.388153,-1.973022
2.97838,4.04258,7.50843,-0.043275,0.352479,-0.442720
0.59307,0.09453,3.36895,0.148543,-2.256997,1.081710
3.00584,7.85426,5.12601,0.280334,1.280223,-1.412810
6.99433,3.73267,2.39133,1.751838,-0.099851,1.097670
4.81506,3.63648,3.70495,-0.897891,-0.109099,-1.036319
1.55971,2.07835,7.31038,0.321723,-0.815675,-0.834768
6.05401,1.32455,6.73605,-1.114206,2.584706,-0.582816
1.21709,6.14488,1.50961,-0.059958,-1.122447,0.692720
5.73797,5.55040,6.93389,0.466745,0.651175,0.256094
1.75591,2.02573,4.18894,0.575115,-1.773575,-0.980789
5.85379,1.65497,2.86147,0.263137,1.567292,-0.268955
0.94043,5.75178,4.08234,0.128036,1.636460,-1.779374
6.42975,6.32894,4.51561,-0.177380,-1.709874,1.190338
2.36643,7.84630,2.53069,-0.677394,0.458460,0.088918
5.53895,7.80466,3.23018,-1.412219,0.298366,-2.069169
2.18756,3.65055,2.48661,1.006192,1.129022,2.041451
5.19751,3.45810,1.07126,-0.663809,-1.329751,-0.794789
1.99710,7.65582,7.22058,0.299756,1.088678,0.100331
5.46403,0.20247,4.52395,-0.954640,-2.236686,0.554918
1.58805,3.93514,5.14941,0.953967,-0.592019,1.084297
4.89172,3.61103,5.90876,0.068853,-0.136134,1.051830
0.22309,1.74855,2.06675,0.014667,1.413580,-0.675506
3.24075,1.72391,1.88362,1.334457,0.087088,0.332467
5.34989,5.41847,2.26158,1.754282,1.328637,-1.183739
3.59647,6.04124,3.34393,-1.527062,-0.012650,0.907420
0.08996,1.09991,5.57474,0.603590,0.341791,0.643149
3.81777,1.52796,5.40784,-0.812489,0.575577,0.382425
0.91358,5.64303,6.40728,-0.185900,0.564799,1.528209
3.43561,5.74817,5.76313,0.393864,-1.071471,0.543140
7.23082,7.65486,0.75963,-0.027759,-1.154461,0.625806
4.34946,7.40048,1.09299,-1.160659,0.628764,-1.760101
0.39289,3.78430,0.98662,-1.495085,1.009896,-0.311093
2.77845,3.95385,7.53108,1.158614,0.947719,0.493857
0.55329,7.96666,4.42599,-0.688800,-1.360744,2.060763
2.97434,7.63707,5.03050,-0.872737,1.306008,-0.547139
7.10735,3.77360,2.62157,0.572405,0.863779,-0.132767
4.73280,3.62562,3.81023,-0.436892,0.330052,-0.920820
1.62536,2.13488,7.09503,0.209746,-1.667876,-0.081069
6.12027,1.60359,6.61628,-0.274869,0.555539,0.315399
1.30732,6.00899,1.58830,0.112295,-0.592299,-1.270146
5.96583,5.42157,6.78109,0.500396,0.613858,0.860064
1.92516,1.78594,4.07394,0.044713,-0.486161,0.629101
6.24740,1.78736,3.11895,-1.325697,-0.907645,-0.514534
1.07247,5.86970,3.82000,-0.470391,-0.112280,1.017909
6.54976,6.09176,4.55578,-0.684891,-0.078913,-0.558898
2.16532,7.95725,2.59931,-0.298585,1.087213,-0.655811
5.40822,-0.12932,1.68669,0.390330,1.082863,1.276450
2.13851,3.73635,2.63249,0.299020,0.562830,-0.261934
5.16424,3.33409,1.31242,-0.092401,0.007704,-0.417237
2.02188,7.90806,7.21218,0.019502,-0.599431,0.451106
5.09010,-0.01166,4.41752,1.923037,-1.159747,-0.160046
1.89878,3.98103,4.91098,0.904578,-0.753209,1.006086
4.75218,3.54751,6.10775,-0.003191,0.056888,0.448544
0.41601,1.80153,2.21346,-0.390632,2.117060,-1.428809
3.38378,1.74049,2.07169,0.750190,0.153080,-0.010213
5.51086,5.81920,2.12644,1.260626,-2.133333,0.405416
3.32596,6.14859,3.32726,1.731144,-1.682520,-0.595508
0.09051,1.19424,5.69144,-0.521114,-0.372635,-0.602250
3.89867,1.41480,5.64030,-1.207981,0.808845,0.320912
1.09640,5.43235,6.47936,-0.755148,0.966948,0.222595
3.49487,5.64634,5.99325,0.830237,-0.037790,0.094365
7.41016,7.47464,0.72923,-0.494033,0.302515,0.904959
4.10447,7.79278,1.21325,0.721110,-0.712731,0.396588
0.31092,3.91346,1.03692,-0.570874,0.288143,-0.473675
2.83274,4.15834,7.49356,0.138063,-0.924576,0.381063
0.46494,7.94376,4.66253,0.774190,1.760801,0.803518
2.90569,7.93283,5.08391,0.018176,0.284878,-1.500871
7.13165,3.84609,2.81254,1.466632,0.418244,0.969875
4.63360,3.63638,3.81990,-0.813709,0.095544,-2.647113
1.26758,1.96418,7.13160,1.354856,0.444494,0.816892
5.99486,1.37447,6.49585,-0.201650,0.547326,0.462760
1.33039,6.01721,1.67736,1.082368,-0.424938,-2.022380
6.32014,5.51552,6.97000,0.176507,0.215213,-1.454511
1.80436,2.04658,4.08248,-0.194556,-1.290408,0.838054
6.17912,1.84484,3.20651,-1.258714,-0.320245,-0.491031
1.05366,5.98399,3.81577,0.082811,-0.432180,1.628000
6.50562,6.24664,4.45566,-1.545938,-2.102855,0.998557
2.14146,-0.00086,1.34535,-1.017527,-1.349689,-1.003818
5.56911,-0.06740,1.78973,-0.608511,0.328200,-0.685069
2.16001,3.84682,2.70350,0.180868,0.456960,-1.766202
5.61789,3.09371,1.33064,-1.314283,0.020995,-1.779137
2.09453,7.99615,7.15615,-1.684202,-0.907114,1.244101
5.08373,0.05391,4.34545,0.563353,-0.713751,0.750640
2.26849,4.17661,4.89931,0.459930,-0.288595,1.613963
5.09421,3.75677,5.88874,0.230189,-0.129180,2.468021
0.36300,1.93625,2.30618,-0.750054,0.304967,-1.064106
3.34351,1.71037,1.89298,1.409427,1.813801,0.384362
5.81782,5.59898,1.93978,-0.711959,0.828496,1.466752
3.49517,6.00564,3.48669,0.666293,0.106451,-0.551625
7.44204,0.83067,4.64314,0.393625,-1.244344,-0.854142
3.56702,1.64184,5.65193,0.900933,1.458335,0.069287
1.09553,5.59517,6.49454,-0.762430,0.526369,-0.364118
3.50487,5.84288,5.98988,1.309108,0.638873,0.460407
7.21068,7.62363,0.85400,0.689785,-1.161156,1.270662
4.39338,7.61547,1.21984,-1.021943,-0.517886,-1.220846
0.18211,3.97811,1.10092,0.092818,0.048269,-0.715867
3.23019,4.04664,0.41113,-0.124246,0.420946,-1.243884
0.24260,8.06906,4.64131,0.421467,-1.435572,1.051248
2.98948,0.18250,3.51451,-0.355433,0.036917,-0.118778
7.32863,3.96517,2.58215,0.225268,-0.640718,0.344337
4.61486,3.68907,3.60153,-0.083240,0.290962,-0.437380
1.34606,1.82735,7.01905,0.416350,1.011625,0.221456
5.86087,1.20496,5.97345,0.064217,1.962612,1.295473
1.59350,6.15026,1.48254,-0.372121,-1.953200,0.833594
6.46300,5.59293,6.77265,0.180118,0.719529,-0.038335
1.56294,2.00233,4.15748,0.257947,-0.342874,0.602686
6.20480,1.83334,3.00439,-0.440529,0.930870,0.312402
1.25729,6.08333,4.02871,0.319767,0.689562,-1.068552
6.37094,5.75111,4.50564,-0.577675,-0.072801,-1.459020
2.14535,0.02710,1.21897,-1.061645,-1.360836,0.158266
5.50940,-0.05561,1.69715,0.113352,0.074625,-0.070623
2.22608,3.77505,2.44913,-0.340786,-0.145273,-0.066238
5.39840,3.07881,1.12852,0.591283,0.279587,-0.048209
2.02794,7.70962,7.13260,0.389718,1.214400,-0.891700
5.29491,-0.02148,4.06858,-1.204409,-1.679474,0.426596
2.26653,4.09801,4.69452,1.345122,0.101446,1.523071
5.24515,3.66964,5.96472,-0.254149,0.071563,-0.456021
0.27272,1.91738,2.28844,-0.209755,1.299012,-2.344594
3.42932,1.77789,1.38533,0.965051,0.995077,0.365148
5.73294,5.54054,1.79051,-0.683653,0.435156,1.181215
3.71494,6.42016,3.61189,0.428720,-0.681228,-1.485398
7.44955,0.56411,4.45757,1.212485,-0.842433,-0.296884
3.64916,1.58840,5.53334,-0.841353,0.616253,-0.045157
1.15048,5.49371,6.25922,-0.274078,-0.066555,1.216555
3.75826,5.95927,5.84191,0.131550,-0.298407,1.204775
7.39027,7.54863,0.65980,-0.539903,0.457659,0.445957
4.17232,7.75420,0.99755,0.217050,-0.181472,-0.394821
7.52428,3.75995,0.07841,0.536296,0.490083,-1.163783
3.25186,3.92093,0.50438,0.722236,1.069052,-4.042765
0.44546,-0.00150,3.16488,-0.015893,-1.606019,-0.091762
3.13838,0.16478,3.29780,0.343381,-1.669561,-0.121230
7.38714,3.90610,2.48604,0.413621,-0.267227,0.403115
4.63476,3.82613,3.28673,-0.246900,0.748308,0.426633
1.27239,2.21587,6.75185,0.276886,0.064928,0.296047
5.91700,1.41223,5.81876,0.595597,-0.264822,0.418988
1.74015,5.91458,1.40397,0.195474,0.680806,0.642799
6.40413,5.75892,6.62388,-0.031549,0.836733,-1.178340
1.86901,1.84045,3.84796,-0.716060,1.148385,1.364060
6.13462,2.06862,2.99679,-0.338964,-1.456710,0.415319
1.35361,5.88228,3.87446,0.390192,1.569154,-0.179186
6.66466,5.56252,4.34911,-0.376877,0.235723,-1.373459
1.96498,-0.06400,1.16186,0.566733,-0.054631,-0.232477
5.60527,-0.11628,1.51130,0.856989,0.758096,-0.777698
2.33375,3.79571,2.34508,-1.970425,-0.309445,2.396184
5.38978,3.19617,1.07338,0.699405,-0.509130,-0.878688
1.99332,7.93786,6.99859,0.124447,-0.017997,-0.100093
5.34608,-0.19740,3.81801,-0.269252,-0.924899,1.154308
2.50879,4.02075,4.63581,0.625080,-0.099562,1.533933
5.37555,3.76364,5.74013,-0.565288,0.149717,-0.369405
0.43121,2.06956,2.15941,-1.033790,-0.241990,-1.274621
3.51944,1.76053,1.44820,0.095320,-0.515207,0.066027
5.78680,5.49771,1.61671,-0.570125,0.870241,1.654904
3.96174,6.46938,3.19155,-0.745816,-0.867451,0.326554
7.48429,0.50729,4.10230,0.757261,0.147936,0.681140
3.58530,1.90203,5.46488,0.223402,-0.128089,0.519640
1.36024,5.45104,6.32341,-0.364931,-0.316845,-0.557069
3.79677,5.94642,5.89330,0.146403,0.204235,-0.010211
7.27755,7.67106,0.43720,0.224452,-0.946764,0.698189
4.06468,7.56266,0.98312,0.090457,0.070308,-0.872875
7.34861,3.85383,-0.27058,1.090308,0.334849,-0.389179
3.25562,3.89663,7.24021,-0.190648,-0.090853,-0.347105
0.51837,0.00027,3.43431,0.252538,-1.134949,-1.530867
3.04404,-0.06951,3.39594,-1.157969,0.523649,-0.072912
7.24309,3.96980,2.27757,0.688351,-0.382852,0.573662
4.45833,4.10580,3.26143,1.707140,-1.701998,-0.224997
1.38872,2.27987,6.91919,0.084329,-0.148849,-0.086959
6.05648,1.36945,5.78775,-0.628955,0.989368,0.412207
2.07880,5.98183,1.10763,0.133955,-0.674068,0.717425
5.95793,5.84289,6.56167,0.241837,0.679732,-1.038247
1.74520,2.04299,4.05998,-0.659423,0.180649,-0.529635
5.85416,2.00658,3.20880,-0.623051,0.376559,-0.348757
1.39386,6.03901,3.64646,-0.968067,0.035619,0.341348
6.63779,5.76823,3.99493,-1.133189,0.337502,-0.362261
2.05726,7.99914,2.49944,0.060488,0.756906,-0.180706
5.63992,-0.15625,1.20336,0.664357,0.411363,0.742953
2.34222,3.88310,2.31563,-1.333793,-0.438228,-0.110874
5.40200,3.28468,0.98731,-0.302003,-1.007942,-0.304261
1.98379,7.93046,7.04439,0.131797,0.599122,-0.605822
5.22882,7.85048,5.14247,1.090957,-0.506854,0.435447
2.62099,4.26303,4.71569,-1.693781,-3.710286,-1.488600
5.30331,3.79895,5.56443,-0.419654,-0.413326,-0.397404
0.21007,1.96240,1.95156,-0.058312,-0.275589,0.341844
3.44372,1.78123,1.39826,0.289155,-0.080170,0.256822
5.43589,5.60059,1.59307,0.217807,0.484056,0.882902
3.73024,6.20428,3.33664,0.352515,1.612624,-0.448011
7.50212,0.59726,4.06028,-0.485393,0.520446,1.010105
3.67438,1.83150,5.31850,0.451313,-0.149955,0.418917
1.12144,5.32148,6.22842,-0.340257,-0.246825,0.157275
3.48342,5.75813,5.77128,2.222740,3.996757,2.350375
7.32776,7.64406,0.67297,-1.321897,-1.277620,0.220151
4.33794,7.69154,1.01835,-0.518233,-0.344644,-0.794466
7.35194,3.68457,-0.22377,1.149182,0.760400,-0.197618
3.13061,3.70318,7.12491,0.193720,0.824644,-1.761973
0.39405,8.07204,4.78838,0.555568,-0.438645,0.815384
2.94354,0.11877,3.43906,0.179070,-0.699751,-0.639278
7.47067,3.87790,2.36949,0.280217,0.005409,0.010394
4.76456,3.91004,3.38340,-0.769246,-0.132440,-1.013107
1.27484,2.28014,7.00671,0.401904,0.068861,0.209358
6.13467,1.40742,5.98467,-0.130749,0.934878,0.642861
2.29217,6.01042,1.07897,0.486576,-2.192694,1.331701
5.79300,5.97944,6.66548,1.343729,-0.324250,-0.842911
1.76257,1.94206,4.05696,-0.372879,0.845879,0.549000
6.12541,2.02040,2.90896,-0.334071,-0.830417,-0.228994
1.38392,6.15493,3.94036,0.282924,-0.612100,-0.199917
6.22329,5.67604,4.07727,0.224173,0.678359,0.169407
1.93744,7.98299,2.47960,2.025631,0.572401,0.366951
5.78861,-0.01881,1.32720,-0.694372,0.298566,0.414412
2.63959,3.79147,2.09273,-1.333847,0.754779,2.098351
5.27490,3.42524,0.80790,0.126014,-1.083466,0.556161
2.00571,7.77243,7.11025,-0.009880,1.934599,-1.341278
5.21873,-0.16775,3.98963,0.380425,0.352924,-0.162428
2.55242,4.04707,4.75527,-0.021524,0.099928,-0.322750
5.43914,3.69772,5.54903,-0.303560,0.495401,0.323407
0.47267,1.96701,2.08705,-0.398428,0.149570,-0.208671
3.52148,1.79405,1.48495,0.574178,-1.301152,-0.094378
5.62894,5.52794,1.64388,0.154642,0.903825,1.628247
3.80631,6.32536,3.43675,0.233468,0.173125,-1.106170
0.05806,1.01325,5.56161,-0.531456,-0.602678,-0.843877
3.90191,1.75056,5.46447,-1.133060,0.064128,-0.317910
0.90429,5.40163,6.27701,0.297173,-0.224310,0.076584
3.70157,5.90695,5.75238,-1.015393,0.146493,0.663357
7.13615,7.27307,0.99920,0.029084,-0.087823,-0.058391
4.06646,7.55398,1.34034,1.060016,0.072694,-1.185185
0.03321,3.82317,0.93715,0.697132,0.582839,0.419353
3.19832,3.62816,7.12232,0.388972,0.763250,-0.745212
0.48596,7.85235,4.93542,-0.062702,-1.112142,0.604765
2.96371,0.12483,3.50501,0.003833,0.259359,-1.577290
0.04394,4.09549,3.74646,-0.820198,-0.616812,-0.120505
4.88338,3.88739,3.29008,-0.924635,-1.172892,-0.880401
1.39726,2.16418,6.89822,0.491798,-0.106672,0.410634
6.14807,1.41968,6.15327,-0.011179,-0.613030,0.119108
2.37350,5.72334,1.28197,0.204338,-0.377289,-0.117816
6.00619,5.58871,6.65634,0.321389,0.006980,0.475049
1.58966,2.12257,4.22825,-0.048238,-0.662241,-0.138774
6.12239,1.75287,2.67336,-0.196024,0.354075,0.411146
1.40461,5.88544,3.67846,0.169209,1.058447,-0.059367
6.36499,5.47672,4.29658,0.378948,0.636219,-0.974370
2.03904,7.81925,2.33775,-0.614818,0.959646,1.242824
5.67764,-0.17742,1.48288,0.247699,-0.170097,-0.600532
2.45134,3.47830,2.14687,-0.700618,0.654262,1.389644
5.33116,3.02836,0.72145,0.877029,0.613173,0.402285
2.07907,7.85055,7.08638,-0.570037,-0.627874,0.515076
5.28118,7.45403,5.30570,0.589320,1.098586,0.706243
2.42255,4.08991,4.85278,0.711365,-0.006084,-0.285937
5.53881,3.59406,5.46786,-0.893162,-0.452927,0.303003
0.78307,1.68268,2.12621,-0.649471,0.459204,-1.399262
3.69864,1.58922,1.66523,0.147807,-0.755670,-0.240490
5.51293,5.59200,1.83160,0.366911,-0.122566,-0.199188
3.87579,6.17047,3.61564,-0.070526,0.185242,-1.671555
0.02446,1.02791,5.51704,-1.668764,-1.123995,0.494720
3.68426,1.59949,5.34605,0.875626,0.783259,0.431326
1.13134,5.53967,6.36927,-0.266962,-0.105230,-0.114453
3.53010,5.92320,5.78763,-0.063140,-0.373888,2.443554
7.32579,7.29991,1.07667,-0.797049,-0.247341,0.553648
4.39158,7.48586,1.02452,-0.080095,0.359309,-0.658987
0.09143,3.60697,0.94355,-0.148408,1.811055,-0.504691
3.14122,3.90519,7.13839,0.856035,-0.112637,0.655981
0.41856,-0.00896,3.44713,0.274468,-1.435939,0.886752
2.99557,0.12408,3.55165,0.592113,0.684952,-2.088213
7.36075,3.85343,2.20465,0.032720,-0.476899,-0.074371
4.74735,3.99069,3.31037,-0.062316,-1.531551,0.104047
1.52496,2.22563,6.78050,-0.148469,-1.164605,0.059858
6.12282,1.36838,6.13042,-0.249125,0.107661,0.224727
2.53007,5.82013,1.46828,-0.582124,-0.049084,-1.359995
6.13025,5.61076,6.70171,0.529913,0.966660,0.934392
1.72926,2.10832,4.22963,-1.380013,-2.048273,-1.117844
6.18968,1.86863,2.56264,-0.063398,-0.175227,1.207614
1.15889,6.01701,3.72205,-0.006915,-0.913070,1.147768
6.33664,5.55932,4.34588,0.650370,0.787255,-1.239844
2.08535,7.77618,2.81729,0.684738,2.877649,-1.036864
5.65512,-0.10306,1.54042,-0.479556,-0.616113,-1.622927
2.61747,3.63815,2.39974,-1.943200,0.923124,0.773584
5.40168,3.21126,0.68083,-0.031640,0.121254,0.573655
2.06896,7.76142,7.06192,-0.340044,-0.009994,1.755583
5.41377,7.64732,5.34983,-1.732125,-0.183306,0.742475
2.02863,4.01281,5.11761,0.673840,1.627575,-1.043844
5.42521,3.81894,5.55015,-0.813346,-1.683439,-0.158603
0.47255,1.78016,2.13747,0.422359,0.014554,-0.584210
3.68386,1.81861,1.80222,0.675872,-1.444631,-0.516286
5.53754,5.56475,1.91568,0.901120,0.523513,-0.697703
3.71673,6.23345,3.33139,0.999909,0.028629,1.760930
7.40996,0.14589,4.49856,1.061737,0.732925,-0.032190
3.76152,1.70106,5.30245,0.715227,0.314462,0.578730
1.08267,5.35961,6.64628,-0.942166,1.027106,0.492878
3.37749,6.04292,5.89667,0.729571,-0.815572,0.283949
7.28348,7.49061,1.22085,-0.575320,-0.695243,0.201582
4.43177,7.70975,0.83671,-0.155606,-0.105343,-0.400305
0.00646,3.79423,7.78660,0.036556,0.082674,0.156236
2.86937,3.86778,0.26056,0.259113,-0.617945,-1.472678
0.57129,0.13592,3.35708,-0.414634,-1.345312,0.594596
3.06557,0.26884,3.43775,-0.231292,-1.147906,-1.487832
7.22257,3.79347,2.36661,1.197646,1.736296,-0.261407
4.72431,4.17007,3.06627,-0.631286,-3.071537,1.046557
1.45350,1.84762,6.68838,0.788205,1.361560,0.496298
6.14708,1.42855,5.91564,-1.452422,1.428506,1.216038
2.57532,5.94532,1.21714,-0.239861,-0.171667,0.487497
6.13922,5.61066,6.71339,1.325656,1.295533,-0.731041
1.53471,2.13561,4.16454,-1.195318,-2.526471,-0.521786
6.03277,2.02276,2.43488,-0.634625,-0.961141,1.548017
1.29671,5.96687,3.80562,0.069136,0.948232,-0.340637
6.42411,5.84988,3.93945,-0.095528,0.002186,-0.129154
2.13171,0.20061,1.13918,0.193698,-1.010692,-0.124104
5.55334,0.12364,1.43064,-0.216923,-1.614259,-0.668431
2.24578,3.63593,2.45340,-0.373465,0.756212,0.705969
5.34028,3.41346,0.44264,0.078755,-0.771800,1.953400
2.02427,7.74959,7.08391,-0.106784,0.548449,-0.445226
5.30016,7.48480,5.36905,-0.941698,0.166959,-0.026371
1.94762,4.01062,4.98082,1.214702,0.547856,0.420108
5.20609,3.99760,5.48581,-0.859911,-0.614758,-2.404357
0.33513,2.05951,2.06038,-0.059991,-0.410863,-0.245698
3.75622,1.84802,1.64511,-0.025880,0.537088,-0.160848
5.41340,5.63723,1.68081,1.022750,1.419685,-0.854444
3.78171,6.22393,3.21967,-0.616010,1.658639,1.193389
7.30614,0.19331,4.59243,0.644713,-1.572925,-2.217621
3.66459,1.61264,5.08051,1.060432,1.358226,1.460116
0.84675,5.32082,6.41015,0.072684,1.957258,0.229740
3.18504,5.83165,5.61096,0.862508,0.832502,0.782399
7.40412,7.66172,1.03051,-1.506543,-1.346778,1.253831
4.36003,7.58904,0.68862,0.110082,0.512953,-0.603670
7.38360,3.72744,-0.28408,0.687132,-0.221864,0.661731
2.97709,4.00351,7.25058,0.101945,-0.828107,0.808886
0.45033,0.24020,3.51397,-1.095026,-2.859261,-1.295963
2.95328,0.44029,3.17823,0.200573,-0.846791,0.689126
7.13274,3.95060,2.58248,0.055303,-0.517509,0.016897
4.73570,4.03705,3.13802,-0.766273,-0.914429,-0.258677
1.59463,1.89362,6.51339,0.870029,0.882125,1.566998
6.05219,1.53573,6.08435,-0.074727,0.233668,0.105830
2.53342,5.99021,1.17046,-0.526572,0.127688,0.558981
6.05779,5.88512,6.64404,0.524162,0.461642,-0.470653
1.37101,2.04678,4.22246,0.504982,1.677390,0.013714
6.23284,1.93415,2.54520,-0.841300,-1.374424,0.501128
1.13726,5.88195,3.54701,1.619791,1.854000,-0.151532
6.31028,5.74015,4.07245,-0.698589,1.362631,-0.542450
2.14867,0.01346,1.00643,0.932581,-0.679036,-0.591128
5.62515,-0.01622,1.28989,0.640211,1.213328,-0.215363
2.30670,3.72355,2.61112,-0.347602,0.290268,-0.152188
5.20287,3.47513,0.71077,0.590244,-0.069782,0.178177
2.14297,7.80813,6.71773,0.360755,-0.051488,0.366863
5.20002,7.67623,5.23119,0.217077,1.196228,-0.096885
2.20484,4.06849,5.18537,-0.181121,-0.135968,-1.902328
5.42119,4.00007,5.39051,-0.459794,-0.938819,0.378649
0.49917,1.94715,1.88719,0.417992,0.671927,-0.227518
3.61063,1.79916,1.52159,0.681646,1.214711,-0.789277
5.61695,5.83659,1.77072,3.093102,-1.510187,-2.353074
4.17680,6.44266,3.07323,-4.663191,0.749953,2.879895
7.46837,0.06433,4.57520,-1.394348,-0.104005,-1.147521
3.91631,2.04492,4.93602,-0.381750,-0.093514,-0.077179
0.65253,5.44619,6.31306,1.696079,0.398951,0.480888
3.54094,6.06169,5.56396,-0.366853,-0.355500,0.413815
7.35186,7.70717,1.13343,0.008512,-2.228328,-0.629491
4.49078,7.49821,7.61951,-0.560064,0.025753,0.756491
7.43130,3.72788,-0.24510,1.215435,0.096236,0.737743
2.98118,4.07393,7.29778,0.505504,-1.200914,-0.020676
0.43223,8.08883,4.78769,-0.346581,-0.543193,-0.540322
3.15597,0.81092,3.26383,-0.202436,-1.113955,0.048793
7.02821,4.07217,2.86178,1.680119,-0.651946,-0.135385
4.55132,4.33994,3.20928,-0.762950,-1.617731,0.606870
1.41602,2.07923,6.61352,1.064092,1.190647,1.218841
5.98158,1.40832,6.16975,-0.643599,0.743801,0.111046
2.53734,6.09341,1.07788,-0.196677,-0.064844,1.323612
6.27683,6.03280,6.57649,0.536700,-0.347519,0.134433
1.23386,1.99132,4.23847,0.292822,0.659486,-0.191769
6.24897,1.99550,2.64273,-1.030017,-1.389828,0.390346
1.38574,5.93236,3.42871,0.342977,0.463079,-0.039368
6.21481,5.76567,4.11995,-0.076718,1.684372,0.879041
2.27901,0.21055,1.05134,-0.417366,-0.985151,-0.417557
5.58284,0.03220,1.26868,0.525442,1.140717,0.293636
2.41321,3.62705,2.40964,-0.913715,-0.171546,0.458364
5.36701,3.38765,0.65294,0.120490,0.379631,1.242078
1.88278,7.54736,6.62106,0.369793,1.037603,-0.220205
5.34406,-0.24157,4.22148,-1.889520,0.395479,-1.888251
2.20120,4.13385,5.10412,1.276570,-2.053548,-2.910568
5.42791,3.92481,5.64014,-0.251619,0.427279,-1.308688
0.25903,1.92196,1.85029,0.960139,0.904992,0.997070
3.84072,1.87347,1.29447,-0.052197,0.207711,-0.194158
5.74716,5.62390,1.73468,0.425747,1.143301,-1.362547
4.09422,6.68539,3.10400,-2.111304,-0.242199,0.825506
7.41787,0.18470,4.75100,0.499067,-0.469370,-0.771160
3.94616,2.19933,4.94804,-0.412524,0.053213,0.332662
0.78280,5.13583,6.29552,-1.158787,2.006767,0.675947
3.39432,5.98492,5.77747,1.202669,0.520006,-0.402335
7.07779,7.55067,0.83403,0.743735,-0.328329,0.305481
4.35117,7.47125,7.37562,-0.033389,0.296861,1.369700
0.12789,4.09889,1.00947,1.467484,0.010673,-0.366858
2.94569,4.10877,7.25602,0.613442,-0.417769,-0.178167
0.76210,7.91701,4.33830,-1.083409,0.361285,0.218197
3.03994,0.88422,3.23915,0.484619,-0.526052,-0.660927
7.19478,4.08761,2.86695,0.606700,0.969433,-0.267940
4.63633,4.32335,3.09509,-0.850747,-1.104042,0.269206
1.46485,2.23027,6.62412,-0.193133,-0.294740,0.673748
6.00379,1.44356,6.06589,-0.426608,0.837926,0.270728
2.44853,6.19216,1.07167,-0.678992,-0.015356,0.214405
6.13339,5.86478,6.41716,0.109845,1.292602,0.423418
1.32426,2.04192,4.22002,-0.895671,-0.835906,0.289399
6.42417,2.05519,2.77441,-1.651880,-1.579401,0.187882
1.49033,5.93815,3.49646,0.597263,-0.636980,-0.471484
6.26723,6.25118,3.75395,-0.471050,0.597124,1.601710
2.30153,0.13204,1.10990,-0.699735,0.133741,-1.071629
5.63098,0.20345,1.39634,-0.151590,0.042908,-0.266660
2.12204,3.37051,2.31331,0.156228,0.718869,0.535652
5.57077,3.41424,0.67530,-0.578424,0.272274,0.849324
2.07785,7.63901,6.12750,0.437537,-0.167821,1.612282
4.99724,7.88391,5.24644,-0.697500,0.529949,-1.285633
2.31584,3.94347,4.94643,-0.337794,1.366566,-0.421136
5.26358,4.05023,5.47388,0.185070,-1.237856,-0.718832
0.43320,1.67099,1.91263,-0.304116,1.100766,-0.525302
3.90447,2.02815,1.39522,-0.080273,-0.169704,-0.418389
5.70888,5.81342,1.69157,-0.276049,-0.349578,-1.925818
3.86625,6.72377,3.06944,0.028734,-0.076940,0.335491
7.11709,0.12844,4.47102,2.016259,0.049696,-1.127758
3.84867,2.19759,4.99964,0.232608,-0.754133,0.464320
0.40876,5.47935,6.18395,2.084834,-0.324648,0.031883
3.68206,5.85058,5.46886,-0.353998,0.238583,0.053707
7.41720,7.63995,0.66709,-0.024970,-0.071401,-0.180724
4.22315,7.37439,7.49060,0.368085,0.500601,0.260662
0.06136,4.34819,1.11685,1.030121,-0.153223,0.081786
2.98196,4.10891,0.34119,0.389608,0.059825,-0.699249
0.67004,7.91288,4.46695,-0.264320,-0.652144,-0.016213
3.07116,0.71096,3.31739,-0.259605,-0.980800,-0.686382
7.08965,4.33635,2.76837,0.437377,-1.126286,0.010267
4.67081,4.31350,3.02411,-0.874567,-1.102373,0.202882
1.41164,2.13206,6.78009,0.129082,0.196823,-0.233223
5.96021,1.58518,5.67645,1.164748,-0.620206,0.574952
2.20466,6.28729,1.34703,-1.003136,-1.365414,-1.268759
6.03664,6.05034,6.41754,0.270403,-0.004138,-0.354692
1.33931,1.86229,4.20699,-0.346800,1.241434,0.363245
6.09004,1.88922,2.72373,0.455489,0.656892,0.872818
1.60746,5.77291,3.56524,0.085061,0.322312,0.291188
6.01234,6.29642,3.89090,1.113969,-0.817067,0.732395
2.43555,0.11997,0.96162,-0.518991,1.009108,-0.016344
5.60068,0.23658,1.11737,0.441071,-0.775329,-0.788487
2.06269,3.42796,2.39793,0.246784,0.408545,0.645183
5.53495,3.33904,0.75379,0.208949,0.471705,-0.089569
2.11219,7.58627,6.42769,-0.173016,0.340414,0.114192
5.07792,7.87671,5.14836,-0.499350,1.478529,0.742483
2.49571,3.97955,4.96080,-1.485500,-0.513846,-0.109022
5.31559,3.91720,5.48100,0.254199,0.691781,-0.224468
0.49955,1.68975,1.87419,-0.729032,0.579960,-0.188571
4.00625,1.87962,1.60258,-1.246319,0.865000,-0.487189
5.76174,5.99681,1.66085,0.812528,-0.321009,-1.494508
3.90871,6.61165,2.90548,-0.572382,0.568895,0.710107
7.36837,0.27487,4.03162,-0.273910,-0.877009,0.911167
3.84995,2.16747,4.98786,-0.487436,-0.983732,0.009306
0.58232,5.63307,6.22262,0.761268,-0.110258,-0.163897
3.62729,5.86078,5.29391,0.590590,1.082409,0.478663
7.14304,7.95655,0.76100,0.053805,-2.247940,-0.576645
4.35676,7.56934,7.45912,-0.464957,0.589377,0.680456
0.14922,4.40337,1.31796,0.102185,0.294237,-0.088257
2.44899,4.10310,0.30582,0.944842,0.710515,-1.487489
0.61722,8.08707,4.53011,-0.373841,-1.289700,-0.489262
2.88021,0.62832,3.22041,-1.118852,-1.511383,-0.728603
7.31479,4.24891,2.76080,-0.466038,-0.694910,-0.370392
4.68445,4.26893,2.95598,-0.296157,-0.295824,0.248521
1.37484,2.16940,6.66990,-0.532567,-0.414043,-0.150171
6.01311,1.65076,5.86811,-0.422639,0.243863,-0.596676
2.26868,6.29500,1.28074,-0.297515,-0.686013,-0.295413
5.84172,6.30666,6.14769,2.335193,-1.289381,1.168830
1.18729,1.97047,4.13706,1.293677,0.924968,0.783999
6.29965,1.88380,2.66026,-1.074536,1.620962,1.281808
1.81011,5.94239,3.59403,-2.672580,1.424446,-0.233642
6.16371,6.44239,3.79426,-0.089406,-0.509313,0.489721
2.28643,0.23467,0.91380,-0.080291,0.134774,-0.289364
5.41832,0.35188,1.28893,0.052375,-2.001446,-1.611385
2.27333,3.40409,2.41077,-0.990546,-0.062679,0.376814
5.40665,3.21529,0.73990,1.072671,1.301202,-1.006569
1.98334,7.62357,6.40057,0.662735,0.573535,0.515494
4.98742,8.13193,5.06955,0.216157,1.705050,-0.233529
2.38693,4.11600,4.55912,1.104174,-1.605422,2.523471
5.53244,3.94566,5.30546,-0.062776,0.451427,-0.204462
0.14510,1.67762,1.94927,1.194408,2.596604,0.041446
3.98203,1.99286,1.83910,-1.056455,0.281641,0.123561
5.91688,5.92220,1.60930,-0.098582,-0.224628,-1.291014
3.79247,6.68199,3.14134,1.997400,1.262198,-2.362301
7.24401,0.29677,4.11353,0.367859,-0.618059,0.787289
3.93784,1.89532,4.71203,-0.010352,1.391623,0.772001
0.72896,5.58046,6.05010,0.489392,-0.307844,0.657988
3.75954,6.23383,5.27699,-1.778783,-1.747837,1.563775
6.82315,7.62119,0.72797,2.056956,2.448330,-0.908021
4.18377,7.57252,7.37316,0.474481,0.209076,0.984268
0.27315,4.25405,1.15184,-0.122252,0.533894,-0.130426
2.39103,3.96158,7.20401,1.766985,0.795926,0.181355
0.67605,8.00581,4.35721,-1.887101,-0.283910,-0.287234
2.78380,0.44137,3.08998,2.266316,1.119214,-2.047837
7.29732,4.23741,2.54939,-0.027691,-0.865412,0.403653
4.65179,4.45097,2.89729,-0.274112,-0.922102,0.500498
1.23731,2.17116,6.58978,-0.705377,-0.749268,-0.353937
5.87898,1.52009,5.89239,1.213284,-0.320607,0.600713
2.25251,6.19823,1.25295,-0.058864,-0.388272,-0.814528
5.93344,6.03870,6.19111,0.831821,-0.411008,-0.627545
1.38915,2.07692,4.08302,-0.334516,-0.213606,0.995727
6.28054,1.95640,2.50529,-0.340830,0.173539,1.222192
1.62236,5.90960,3.49782,0.080311,1.221001,-0.167177
6.29945,6.34147,3.72514,-0.109108,-0.247505,0.631766
2.07092,0.16567,0.80544,0.006800,-0.048056,-0.420353
5.41897,0.24788,1.18089,0.429512,0.551274,-0.394318
2.28578,3.57493,2.54453,-0.669077,0.998025,-0.168001
5.56615,3.45713,0.71951,-0.280467,0.002729,-0.266167
2.14936,7.70461,6.13458,0.063591,0.607803,2.703581
4.95024,7.95449,5.12862,0.705480,1.594256,-0.599006
2.55108,4.27871,4.81501,-0.254630,-2.578784,-0.003623
5.38332,3.84059,5.30161,0.157447,0.670839,-0.212800
0.35231,1.72822,1.84533,0.073790,0.546361,-0.371867
3.78317,2.14325,1.62863,0.381318,-0.655436,-0.422629
5.93602,5.86601,1.44120,-1.202660,-2.108697,0.741421
4.05234,6.80952,2.84177,-1.423382,-0.388915,0.451129
0.01590,0.32510,5.50932,-0.344856,-0.166629,-0.067867
4.03177,1.99086,4.77877,-1.963803,-0.109506,-1.161442
1.04150,5.76099,6.11738,-0.916709,-1.051056,-0.055744
3.65830,6.06602,5.39358,0.407345,0.036501,0.064218
6.86673,7.82683,0.73802,0.575815,-2.318835,1.775506
4.24418,7.36050,0.48434,0.447283,0.566543,-0.204066
0.14083,4.28807,1.07776,0.702973,-1.131564,0.705189
2.56528,4.09206,0.26505,1.444948,-0.885939,-0.083835
0.59815,7.92071,4.69934,-1.950915,0.766441,-0.921666
2.98209,0.21424,3.21634,-1.291792,0.687735,-2.934926
0.00216,4.01053,3.94222,-0.048729,0.633009,-0.175020
4.36760,4.31648,2.92363,1.121105,-2.284101,0.924338
1.27053,2.28504,6.70502,-0.252932,0.010898,0.215385
6.17587,1.70002,-0.80990,-0.811519,0.974977,-0.218285
2.27560,6.18259,1.18614,-0.829009,-0.317924,-0.070193
6.04974,5.90857,6.30886,-0.029949,1.248705,0.015390
1.56647,1.80434,4.38788,-0.453296,0.403646,-0.341710
6.31837,1.88653,2.84166,-0.718063,-0.453944,-0.150331
1.57971,6.14273,3.56720,-0.537791,-0.393392,-0.052324
6.12507,6.27650,3.82039,0.734517,-0.562989,1.582721
2.00575,0.08708,0.74500,0.298399,0.406628,0.121834
5.46706,0.13544,1.20846,-0.457491,0.293720,0.364559
2.20096,3.60519,2.64569,-1.132582,0.184932,-0.920850
5.41634,3.39173,0.87289,0.345721,0.100193,0.188747
2.03483,7.66545,6.33719,0.768470,-0.199457,3.278208
4.94368,7.89533,5.11587,2.341522,-0.252132,0.812165
2.26833,4.19228,4.82005,0.370464,-1.172127,0.981878
5.19443,3.73227,5.65762,-0.441958,0.222174,-0.856514
0.69677,1.80814,1.97095,0.082624,0.019337,0.515110
3.74075,1.97876,1.81670,0.037135,-0.128356,-0.258485
5.76435,5.78164,1.71297,0.963086,-0.303260,-2.337565
3.84235,6.41030,2.87960,-0.495472,2.605886,0.980119
7.21751,0.42372,4.57627,0.616781,0.012785,-2.178750
3.97643,1.54363,5.06130,-0.021092,0.296698,0.199825
1.05477,5.56670,6.36763,-1.279454,0.044983,-1.008367
3.73023,5.71384,5.69666,-0.098799,0.924730,0.051914
