-0.0416542239666223
0.000942840738885301
0.00161859907763901
-0.00165954201628863
-0.00203795678901111
0.00700639901714074
-0.0130020290427449
0.00660532255379081
0.0020662020409176
0.0616506389504199
0.00222369997943483
0.0114190123580942
-0.0587878562693215
0.0949975532822332
0.0361649087542525
0.0209050112139771
0.0119170073820305
-0.00389159681635024
-0.0646461885392548
0.00418429201588667
0.0248821414389857
-0.0510704661156903
-0.222208869420574
0.0756459062497028
0.0514521412812283
0.0124833025056243
0.0232851655299197
-0.0251185661948954
-0.0277043140089282
-0.029741483099489
0.0030722066773717
-0.0127906216078237
-0.0431364054385501
0.0031234903378816
0.00109216123859348
0.00111845368464922
0.0461399212021173
0.0326597256420025
-0.00039782802421236
-0.00959118318863851
0.0128908821894943
0.0159614450621718
-0.089091638149045
-0.0268897092419565
0.113350741634032
0.0123606199243081
-0.0487742787450305
-0.0592187252100275
0.0513091016500825
0.20114293435556
-0.0388880014400736
0.00720430409125758
0.0113060415013729
0.00243566115447834
-0.0278324396644698
0.0678861466176499
0.0144138882237911
-0.0285321357530174
0.0229522969859367
0.018242138606547
-0.00745294226521413
-0.00551958217610652
0.0124857616483652
0.000465198338164706
0.0507707307858202
0.00974157187572103
-0.00711799916249789
-0.0122885756466089
0.00745069750456754
0.00932780131477591
-0.0900470702654882
-0.0406777234159049
0.042660120092996
-0.0889586276513058
-0.0651385021182055
0.0120830194022301
-0.00133562722772243
-0.015352169494142
0.0206741828754258
-0.00772207309418556
0.0220456865674896
-0.076715290388792
-0.012706767811018
0.0381194817525027
0.130936009558859
-0.0333141190710225
-0.0516131750540697
-0.0172437016122406
0.0288705574361696
0.0105395946980461
0.0419931096958631
-0.0317365247543186
-0.0467472690048824
0.00415932572177447
0.061109222300616
-0.0531905777631069
-0.0116900934983144
-0.0107823132927467
-0.0158798160036354
0.0790318062141439
-0.0698750770058354
0.0556286429108147
0.0212241691785047
-0.0274051638985503
0.0249644617927981
-0.0419964740824394
-0.02957226412514
-0.0765989634426443
0.031607370498957
-0.0423154373675749
0.00907013129032642
-0.00404133686244616
0.0193775238424032
0.0122532106420607
0.038359977515439
0.0321445978666337
0.0389403672480946
-0.00194883514654524
-0.0339518692876733
-0.0333406117984371
0.0486920321922176
0.0328907249886739
-0.0078847867001317
-0.0110131437110714
0.00343773150687876
0.00284620465139584
-0.116303708684291
-0.0161784022611979
0.0476676913762497
0.00955905795858895
0.109813232490064
0.0283977051699985
0.0372879801185891
0.0179357075040778
0.0407577247912363
-0.0243252779801319
-0.0139126910186476
-0.00536326163173587
-0.00191082810518284
0.00386520810457654
-0.00184705855058202
-0.00232747998404291
-0.000648710611622215
-0.00952244432814251
-0.00985779838475856
-0.000948526808151317
0.00536285716581623
-0.0425324727819067
-0.0231304271724288
-0.0198342622861478
-0.0103463727123898
-0.00729505644015911
0.0375015233551988
-0.00603714972252786
0.0250979826509298
0.00178966786187218
-0.0445746654769732
0.0308796611024077
-0.00750330151615308
-0.0174254689247322
-0.0488599765109542
-0.0747178257830404
0.00824181596890439
-0.014320430803214
-0.00151395375083848
0.021453888254908
0.0160676283623508
-0.0158669715468956
-0.00564945196881462
-0.0474665161865652
-0.137503705033605
-0.00594945030079854
-0.0304693259140633
0.0379402072384648
0.00542069684498122
0.0386705341401988
-0.0370955516061325
0.0562983396982113
-0.00311128716679458
0.0547914484197089
-0.0301075507343337
0.00559481933791462
0.0126139307641761
0.0572047426009851
0.0523933091847527
0.0541205254699208
-0.0321269335244901
0.0212114367068205
-0.0410278458858872
0.00578261554175972
0.010863378082636
0.0208540597158758
0.0351088895372555
-0.0011875779400165
0.00583693625915722
-0.0212488173941752
-0.0202205954681473
-0.0574425695840041
-0.0175427401767879
-0.00173289464333773
0.0193242212775076
-0.0138403780843393
-0.010690764183532
0.00235682834993656
0.0101660290722973
0.0166444300471918
0.046544439615954
-0.07121193264461
0.0110137396853706
0.0872820784486652
-0.0068707808733254
0.0103642929667507
-0.00427943287173993
0.016925333767322
0.0254056344173285
-0.0271953318616909
-0.00864374749632086
0.094705614331195
0.0272894437769667
-0.00131800165429848
-0.0013433338563927
-0.000385729356612114
0.0283040488958555
-0.0104091034406185
-0.0406693096880055
-0.016648803193295
-0.0437494608197411
-0.0046939638593071
-0.0586006280739179
0.000800047614713473
-0.0137395391648552
0.0360676850776183
0.0313800859780535
0.00704239180026223
-0.0983145374725131
-0.119959953337708
-0.0746654331987242
0.0053210465705199
-0.000686386956659581
0.0047745140556429
0.0420277466592903
-0.0299662236129042
-0.0857195732988754
0.0588193161165724
-0.0437866559254927
-0.000841276663930357
-0.0200585172684022
0.0227520007763442
0.024676228377578
0.0144869904659811
-0.133715795488647
0.048420170679278
0.0573520398952366
-0.026854439305593
-0.0112570155250671
-0.0265546033816568
-0.00407586479673326
-0.0322211306767515
-0.0200643338261736
0.00993370668153711
-0.0398483318322081
-0.0052064109177228
0.0131261088149364
0.0659296419820487
-0.0240842608137036
-0.00460545796076243
0.00170432720908002
0.0645730610999293
0.0774577127269241
-0.0158285373892862
-0.0530682402087732
0.100598166542127
-0.00224171759113527
0.057200951934416
0.0423090839116098
0.0604259839579828
0.0223912323410483
0.00540570551607536
-0.0218558039235328
0.0199028242708777
-0.0263446872948462
0.0257136959811013
-0.00899799373807406
0.0186199475817737
0.00525937706254455
0.00362753151386906
-0.00118708256079892
0.000304417652020243
-0.00504271025714177
0.0116054320705437
0.00897512601142845
-0.0207563435303383
-0.0370244200438154
0.0219296032379644
-0.0157057952115742
-0.0535018617110045
-0.0129662126484628
-0.0447171142034593
-0.0224861729057798
-0.0162069626069518
-0.0740739741040748
0.0591253980963025
0.00595726835133061
0.000590596900804154
-0.00321517754797102
0.0125790416803784
-0.0025204823015977
0.020227523472011
-0.00763906495719661
0.059768566635359
-0.0260512758192452
0.00311893928396949
0.0159595819234793
-0.0155610285252971
0.00569112469057095
-0.0416833805707977
0.0736476325470401
0.0151890274784671
-0.0242542078068858
-0.0466529580450609
-0.0355215280364315
0.0855428831872043
-0.0333388946927076
0.0301848405544116
-0.0329260241741237
0.0194369418199726
-0.0324651789069104
0.0119690678979498
0.0513277194485461
0.0371260776894718
0.00497184574427469
0.00783820939958426
-0.0213663115772691
-0.00865979675476539
0.0220062288671802
0.0184828626054348
0.0447070997674679
0.00165013624886421
0.0667369725423321
-0.0100706361893109
0.00211523949261523
0.00474353941393638
0.0391690966453685
0.035081852222405
-0.041546215046504
-0.00534342536546004
-0.0102483487938338
-0.0593392966491648
-0.000107725098195804
0.0224663090292482
0.0472330695055341
0.0260921351275941
-0.0116184187059035
-0.0245157174979055
-0.0305689431675605
-0.00513729566713559
0.00784550555440407
0.0163111925788942
0.00602631866205032
-0.043309879367463
0.0451578553979837
0.02141065397692
-9.50858148023566e-005
-0.068997445935449
-0.0143858417831679
-0.0456554535158032
-0.0125673337637923
0.000111500182295702
-0.00988655497913334
0.00985557025737117
0.0410445855990882
7.32731561921733e-005
-0.0170633201656679
-0.011721075549344
0.0324347650440058
0.0511055239434332
-0.0532952760050295
0.0735462442386914
0.0404055261216897
0.0326694184541275
-0.0283570578590506
-0.0365478835286785
-0.0835530537934989
-0.0129767615754745
0.00426669089190002
-0.000534950381092972
0.0146953870597507
0.0147522047667703
0.0110621660810088
0.0264595534932132
0.0196316730471816
-0.012609175357354
0.00276963957587755
0.0078110976547269
0.0379298502079762
-0.0475533391308092
-0.0309294415936871
0.00198855654539781
0.0628209492208903
0.0399214020990133
-0.00626903620713153
0.00185732614413178
0.00208685728607406
-0.0023535061011457
-0.00799488832038901
0.062022602006754
0.0307776286218074
-0.00357181105059763
-0.000936885937438177
0.0142000840778466
-0.0047329872812659
-0.0468732664136601
0.0160098540362013
0.000274624440858667
0.0158736571450489
-0.00884867335104579
0.0107530678390806
-0.00373673110637179
-0.00239446555927048
0.0056943397654575
-0.0580514211250671
-0.00531478514206015
-0.0299351037478798
0.0414989126949229
0.00644769692855269
0.0106366857696986
-0.055345326005613
-0.0758472204327733
0.0399062812861765
0.02503743409833
0.0094523781313604
0.0277334740889591
-0.0210731100895993
0.0215337052125963
0.0196543054538046
-0.00696993902233009
-0.0520873303533345
-0.00146308447524446
-0.0159561482937546
0.0286086203020624
0.0356108460595622
0.0120435531005483
-0.0254575281091943
0.00742628927016453
0.00751627476109076
0.001989276082462
-0.00168491363160706
0.0060302296897037
0.0289287894412127
-0.031641211211194
-0.00142476614233012
0.033336710660542
-0.0713187930029342
0.023392262670164
-0.0261730328587965
0.034708491569108
-0.00423067072270637
0.0375911431143289
-0.0468403428666313
-0.0226763891982063
-0.0319720699028487
-0.00998889710241873
0.0302283222993018
-0.0527652639982831
0.000895592918354201
-0.0130653148594873
0.0151282607923484
-0.0113672399056398
-0.00229785865860639
0.00758077947799116
0.0228140195720298
-0.0351632040556671
0.00916763489563361
-0.00761616969376091
-0.0260923417224903
-0.0132848290919108
-0.00286939600454319
0.0327096407354846
0.00417873223691336
-0.0461326961022026
-0.0149644730190838
0.00989568279792563
-0.00481742618322049
0.00529598768190484
0.0598661462978004
-0.0560687132985726
-0.00775530468883281
-0.00690117969161323
0.0254271315394449
-0.0532175448876713
-0.00782220819890453
0.100372183537476
0.00251752620431149
-0.00729629264143712
-0.0310713584757582
0.0221855164421058
0.0346787250041017
-0.0755477615502996
-0.00372069747904507
0.00341709556286082
-0.00263009211780729
0.0321241598208071
-0.0130932166939503
0.026084229364585
-0.000786086878455089
0.000825278064180046
0.0233503905936878
-0.0166750988293247
0.00120795143133901
-0.0260105226750228
-0.0794807221467201
0.035393336255144
-0.078887773318252
0.0747177846035057
-0.0726234137930269
-0.0449834748094733
0.0298011584314544
0.0197355834885575
-0.136293948286042
0.0441062710700285
-0.0361580172609304
0.0148314450049888
-0.0490168072690001
-0.00286023357255386
-0.0114570626457727
-0.0166203339081459
-0.0322945435938786
0.0290071219077384
-0.0275852970929848
-0.0951842222215429
-0.00486940990469205
-0.00218678261276252
0.0340276980702638
0.0315212540812574
-0.0593139071734333
0.00252990203856188
0.0755399375953982
0.0918141830575992
-0.0226277792250513
0.0172239664334519
0.0463809535347607
0.00592713366571235
-0.00467693233972345
0.00359846685410861
0.0190749759848238
2.48009878667331e-005
0.0344353684103655
0.0146182388650817
0.05628253949723
-0.0325967313331784
-0.0433346684402614
0.0260463494538082
-0.0202755440666528
-0.0291854765209853
0.058341882456037
0.0135572723308637
-0.038298193131279
-0.00408892878500418
0.00264488766118176
0.0712008408349139
0.0995423485441189
-0.0147427295545626
0.042484562384327
-0.0619541356237509
-0.00212438421023824
0.0128498658914
-0.0157371507357651
0.00938211577714962
0.0340956043150666
-0.00254098929399202
0.00958787775126721
0.00482099892251245
-0.0332576527856914
-0.0210870844813226
0.00102982511084228
0.0112977518317503
-0.00889927962211925
-0.0034613217406474
0.0263709434092315
-0.0381815084994288
-0.0197577177929447
0.0274095679597506
-0.0231208724741192
-0.19302955360009
-0.0968981226457783
0.0442361317097067
0.0474449010515102
-0.0465495558564623
0.0408663712922202
0.0238631236772806
-0.0326734109292222
0.0682841088614831
-0.0220808796035063
-0.0119928416372693
-0.0187989559776203
-0.0303215816427768
-0.0260114573068872
-0.0478918935445577
-0.0251831518612968
0.00438672294263023
-0.0085756423163831
0.00411863625191607
0.00646544737767565
-0.11887756764639
0.129993299855673
0.0684670504167206
0.011367397269437
-0.0108601189561261
0.00228659336287023
-0.0186508400733555
0.00306033685421965
-0.0767504538056059
-0.0500774584706664
0.0316733677578721
0.00552547703536184
0.0486347818114913
0.0554648182164132
0.0507900326185591
0.0191544963010264
-0.0169180505492628
0.00575769147751374
-0.0168607257762689
0.00585369341019916
0.00449319205252635
0.00931382808757162
0.0012655755818966
-0.00547702772288447
-0.01135330942678
-0.0141807870361395
0.0254602118844883
0.00931157803609234
0.00694311967709503
0.00479079910376109
0.0319226852201474
0.0213635105007466
-0.0317762467477385
-0.0124354813377694
0.00209151684891065
0.0066004606301194
-0.0237631094805249
-0.0162069013045958
0.104665591785201
0.0183072928189604
0.00520231698862551
0.0184611135685417
-0.0529513634164148
-0.0617224977283192
-0.024729853778605
-0.00780409744395082
-0.0667151095832572
0.0056859352174821
-3.79269234647671e-005
0.00322943610062913
0.0029247024877672
0.0533311029297437
-0.00785624340293227
0.0360281037285679
0.0200786935054885
0.0170980937518602
-0.0468903789531114
-0.0162364335811099
-0.0130358226055938
-0.0153640736032482
0.104898023978786
0.068030990214292
0.0333129525351247
0.0251052833370754
0.0277306616170436
0.0124733228259831
-0.030295309148306
0.0469023390513063
-0.0372424894330641
0.00125643277241026
0.00911584992452083
0.0290354074242927
-0.00643649301313413
-0.0143650603615701
-0.0574246518441422
0.0375210404245917
0.048411621367099
0.0065624155617108
0.021279035656431
-0.0016571572211577
-0.0133092600493528
-0.00237368986399309
0.00441507699428377
0.0207512318160555
-0.0325953293329215
-0.0317178733067398
0.00956875397758045
0.0159887545762058
-0.0124003513700806
0.00767893454922668
0.0400223289112661
0.0467957426869319
0.0284742738724006
0.044626842191186
-0.0287147830595481
0.0100044350318874
-0.0282079585642175
-0.0261612691774222
-0.00139498153190176
0.032046221357771
-0.00500079245985863
0.0260356495685465
-0.0685369099217612
-0.00938481448877012
-0.0142825813527329
0.0619916500517963
0.232096974569031
0.156551777157214
-0.123549542990336
-0.0827338796990212
-0.0110550632199636
0.023383184005256
0.0408110807505363
-0.0413221427400525
-0.00849103792460458
0.00560375521364518
0.00938314641684029
-0.0358179222406341
0.0351481545537455
0.0086283356167255
0.0193897175696822
-0.00576554445913696
-0.00130879574931477
0.0250087556896098
0.044646749832561
0.0472761485855715
0.000617931464946992
-0.0253274912365308
-0.00916006329442477
-0.051494251882494
-0.0307700591483645
0.0171150177095542
0.00720119557331295
-0.0154189624404436
0.0222083183634763
0.0393057719290802
-0.00389402421316919
-0.0203536839327989
0.0158924600275112
-0.0302902103200972
0.0328408092213357
-0.0069845215186715
-0.00790605750477617
-0.0843149696545723
0.0433852974114306
-0.02327690866738
0.0146257123808936
0.0298461708269024
0.00519076786488712
-0.0487636774091011
-0.0539941268820997
-0.190095692821228
-0.0933249953883872
-0.0422984424311806
0.0350088566820146
-0.0134891206958228
-0.0231255173773384
0.0206095128932626
-0.0116368432156283
0.0405909410660728
0.0185174977885204
-0.0227940047359078
-0.0154479875620772
-0.00149070916574464
-0.00280553243920852
0.00643333827793685
-0.00244116198324083
-0.00831059229251735
-0.0246158345337386
-0.00737999516376432
0.000902897612851048
-0.0016745932055354
0.00363134592835237
0.00174096000529066
0.0267073173015432
0.0497602636876118
0.0460041408808988
0.157144918047068
0.0733296960906386
-0.0703099012351125
-0.00469309199453723
-0.00800925241220056
3.65803450830069e-005
0.0164705874865238
-0.0198668841746884
-0.00802377970141657
0.0145765431919566
0.0254495794696686
0.0892129752450106
0.0705849641356743
-0.0146663350646587
-0.0481128464701846
0.0332672447402846
0.0239331688480843
-0.0303391525392178
-0.0362829849826554
0.0392459710762693
0.0456542359425685
0.00617457104571271
0.00147182449665788
0.00451209510809319
-0.0332787994031528
-0.0844481254048211
-0.0217102788565993
0.00342863707569173
0.0116777333777293
0.000980846496200148
-0.0183893204309178
-0.0823445658222866
0.0174094141545228
-0.0593715464902435
0.00701646960571172
-0.0504366754787779
0.0251652894849494
-0.0175677955246149
0.0829012812582084
0.00905087012465385
-0.028042957184896
-0.00461789600210009
-0.0297547491040656
0.0153876053647333
-0.000395917189526889
0.0403926459975121
-0.0230729216350384
-0.0125741098574454
-0.233101606222505
-0.0424217078670367
0.0797991556564649
0.0652901509623364
0.0417254515721411
-0.0453381911123555
0.0320964352006594
-0.0395942227525814
0.024847259581007
0.0154459347593412
0.00563138460902013
0.0191280063186354
-0.0847194456964715
0.0240696502107043
-0.0522656401309004
0.00783178766110487
0.00167103473463855
-0.0172623942031429
0.0165628517593116
-0.016019604218507
0.00412431870916727
-0.0233143198661521
0.0122734566423383
-0.0122357112582509
-0.0299885959850115
0.0466597494390467
-0.0250725533661792
-0.0135455349026865
-0.0223559330044916
-0.0597968941550841
0.0296743515549465
-0.013194417524006
0.0257864995722047
0.0164319840104651
0.0384914945834864
0.0237618669626048
0.0405488553977251
0.0147424286749609
0.0152454729293318
0.0490281010707358
0.0114707799892103
-0.0157732135783873
-8.92660323137048e-007
0.00261559388591628
0.0396209109319673
-0.0099056568833769
-0.00741355658092752
0.0185595871647453
-0.0230596002216555
-0.016932623165896
0.00107380271642656
-0.0785341048837056
-0.0247509867341942
-0.00188808454320712
-0.0110508977472967
0.00883984557926482
-0.00998157410927814
0.0654476189190424
0.00333689581096983
0.0291585170796319
-0.0195651686808796
0.00980664932187804
-0.0421953420764234
0.0136220931620595
-0.0144862754413792
-0.00235363346471839
0.00703468966253242
0.0447239557148109
0.0272787766391483
0.00851188615068173
-0.00131141288501862
-0.0141039534464845
-0.0720905602190375
0.000947208236120713
0.043642188955845
0.024368047940155
-0.0440875746491818
-0.00593226309925659
0.0178619106715347
-0.00792652257313069
-0.0302814064122803
-0.0199661682364073
-0.0205618639887333
-0.00759212331468696
0.00262711795819198
0.00109735128706271
0.000787864137520814
0.0428060943079885
0.00592196163465932
-0.0150717139676776
-0.00416426587400726
0.00516373562610284
0.00267680823605977
0.00306240354363838
0.0168494887478166
-0.0110158354264947
-0.00814916539058245
0.00652002116389967
-0.0201631982239393
-0.0342510066591814
0.0172094613415698
-0.0292802393572834
0.0305292546090452
0.00689449195714728
0.0107490351928653
-0.0290556115774101
-0.0766708218621466
0.0612096262759659
-0.0566266628143722
0.0169584319200061
-0.0127764968769529
-0.0398515755156869
0.0275397897543272
0.00901576373939463
0.057233275888108
-0.00486439998553973
0.00293946531367107
0.0443179590665396
-0.0555318412383088
-0.00905670682167761
0.00966452290144356
-0.00230663654857313
0.00420665483166733
0.046064227274325
0.0572258308731398
-0.0600025206680617
-0.0442189926660441
0.0264128660338603
0.0277659468657312
-0.0122377284937804
-0.00743227189969376
-0.00646211562316224
0.052593442103109
-0.0413105546081573
0.170750702998895
-0.0222707085289903
-0.00676019289055545
-0.0089472327482611
-0.0533645465489452
-0.0290858537444698
0.00780796528775482
-0.000695275040540901
0.00571643153203886
0.00117412141298584
0.00244426876708312
0.00543792991728196
-0.00428726397477383
-0.0026517670029223
-0.0597176317689641
0.0742696055967403
0.0369749062223271
0.0364504188002236
-0.0423121663696007
0.0122293585520586
-0.0424450365845589
0.00310918879615086
0.0229557344016087
0.090393432673025
-0.0807624659803807
-0.00404660281581668
-0.0595999642575753
0.0201183519640914
-0.00513273938092716
-0.0189263090867873
0.00606206552630705
0.000353519347343327
-0.0206257082948281
0.0196648028481264
-0.0298008824880828
-0.00456913017793978
-0.0438521612373111
0.0189592697506547
0.039606311901692
-0.0318480339319646
-0.0205409160141162
-0.0212000768644284
-0.0251266352186398
-0.0394955445371161
-0.00238475209826409
0.00615778619751787
0.0361532388172834
0.0188807756915612
0.00662876813814503
-0.00462005323705639
-0.00278491287078125
-0.00518688484483878
-0.020817077607843
-0.00623339965374413
0.00551481029380463
0.13551109219567
0.0569282123458285
-0.093406143442476
-0.126071319715388
0.0121045116044112
-0.0495066659582413
-0.101820476058318
0.0119416115914757
-0.0231488859137524
0.0704737180063781
-0.0289219864118894
-0.0165685398127371
0.0102687083412871
0.0350454521211237
0.0103209199396806
-0.00990805121462828
0.00755173210314898
-0.0459789165265612
0.0338970734497453
-0.010059950895307
0.0735100970952958
-0.0122649336474366
-0.00225175577371386
0.00192246825822605
-0.00716415322627298
0.0175741148679217
-0.032708754094237
-0.0237772145670345
0.0735697165774681
0.0627674883628994
0.019374825855209
0.00994914751928964
-0.0132641664641301
-0.012868140553218
-0.0168530542537114
0.0743088168296451
0.0451212463748957
-0.0474195290108145
-0.0271830430283606
0.0283008540035446
-0.0793467442991614
0.0217102791508307
-0.0142519898295832
-0.00211253072815253
0.010028735218087
0.00366475458183458
-0.0168828703087805
-0.0341465983253933
0.0109101870073425
0.00361673989251024
-0.0312583848947209
0.00453450334645285
0.0124992803135171
-0.0011180852360485
0.0164894599367093
0.00719783677617996
0.020727826163045
-0.00771738250400376
0.0108215743108935
0.00954313933482715
-0.0210827138428328
-0.0025327629454337
-0.0124066151632882
-0.0320141326808314
-0.00483222890706653
-0.0447701573355385
-0.00551579735524468
0.0414699471259083
-0.00215681591236788
-0.0250104994020756
0.027371796707103
-0.0180670532580795
0.0121149639463713
-0.0328557131154094
-0.000637690491976379
-0.0731800496916504
-0.0133516367410929
0.0295171392430712
0.0053405151766336
-0.00963560869166872
0.0596229804928823
0.00595347019650567
-0.0119060118666313
-0.000921126147650537
0.00977595282160488
0.0180607542528818
0.0302997344585551
0.0139087711984967
-0.0185997085093987
-0.014905757556119
0.0190493440464459
0.0317442750918654
0.012114813080605
0.00915292880120704
0.0364164824216772
-0.0246669859653972
-0.0222335124197715
-0.0226404578251781
-0.00367842869094675
0.0924862870870998
0.0517431735921365
0.0414161414406823
-0.03466299809378
5.40705786071898e-005
0.0675219481572353
0.0264740887470386
0.00421508752754956
0.0260364148907875
0.0056812531486363
-0.0200342655138556
0.00165703846942268
-0.040067083086635
0.0285077575937087
-0.0266785353364711
-0.00534307690576813
-0.00115681358696956
0.00391180592388021
0.0116554801985041
-0.00814576063642526
-0.0248865873371655
0.0112088690358695
0.00581045247571742
0.00291786068392487
-0.00357437750369068
-0.0116868889132308
0.00662848083717076
0.0166161292171238
0.0192419744668527
-0.0737219394018286
-0.026428202893307
-0.0394440893038114
-0.0379486610243862
0.00776400371175317
-0.00360711123484211
0.00831508453237107
-0.0205542611729956
-0.030887640171717
-0.00234777434599049
-0.0286643583214597
-0.130087105474008
0.0741228458388569
0.0349132141482869
0.0260697559358855
-0.0511463047466732
-0.0224814347211809
0.0530903970068899
-0.00700014353445847
-0.0671488559036571
-0.0645222259099755
0.0290129747105233
-0.000916362456458431
0.0132594327541376
-0.0150152261680102
0.0871313191222318
0.0587858197198455
-0.0507680685157064
0.00672707029771604
0.0394378620889567
0.0227665239558267
-0.0141144897348634
0.00475741277088455
0.0318359055033533
0.0631453521918052
0.0342856940470139
-0.088781661170203
0.00625572817882955
0.00326326563547292
-0.0114766636582247
0.001234810294246
0.011183981626813
0.00290866948388748
-0.0605128395008416
-0.0519097160001457
-0.0537120012284888
-0.00766551001046828
0.049225889431069
-0.0143945344793288
-0.017797893267863
-0.00694425904956369
-0.0222839516224156
0.0128148259086149
0.0125240209982668
0.0164915977810295
-0.00806768599558774
-0.029960872201794
0.0233334743960393
-0.0058046828415199
-0.00157526189668387
0.0253958683162321
0.0118790103167486
-0.0349546779271564
-0.0188569083791724
0.00317754951141122
0.0122424740930128
0.00605612947125549
-0.00225434763913195
0.0306904724469138
0.00393705208193752
0.0150241733303347
-0.006886244551875
-0.0147734779475563
0.00506429368219685
-0.0452780892559147
0.0379739654945858
0.0445813356559824
-0.10215836886195
-0.163747653513303
0.000464203943746494
0.00863031011485729
0.00588723986241296
-0.021895300415294
0.0445697593351778
0.02946916578276
0.0324048660641909
-0.0240554334604106
0.0153330904690316
-0.00884938991067685
0.0495650697890717
0.00798670900952993
-0.0077239381697804
-0.0141020103558713
-0.0120453254087828
-0.0474021330397384
0.149158284094478
0.151636542026405
-0.0195672315513495
-0.0542084404023553
0.0131740808210234
0.0366029620065253
-0.00320955636932584
0.029027859713624
-0.0415336585085941
-0.0056092766879219
0.00474131887194495
0.00497944801066651
0.0188146124705124
0.013763093418771
0.00903763378552278
-0.0216706522399023
-0.0263400133524746
-0.00604577528090149
-0.015806470179417
0.0315404714307076
0.00142783988359454
0.0125711649176888
0.00784043203113685
-0.0137300467658734
0.0280216666299515
-0.0307726539117024
0.100499684116247
0.0473170224242366
-0.00929611468297327
-0.0124845916017399
-0.066428954067821
-0.0441269360351778
0.0781577296843164
-0.027663338984802
0.0510305846052274
0.0135020992892064
-0.0370557918308023
-0.00914205948062095
0.0121280180346105
0.00463286715014035
-0.0458458128921918
0.0457395781478177
-0.0679150339357395
-0.018006158379173
-0.0429034092740809
0.00882557916160981
0.0173722531277916
-0.0159354973589871
0.00414430952489636
-0.00647142671635411
-0.0176921166574901
-0.029231094853894
0.0174157938751033
-0.0574617486581548
0.0554143870320489
0.0453258349776876
0.057876621421934
0.104304498394755
0.0679693954016461
-0.116881013896398
-0.0769742447555139
0.0401020815512313
0.0139574545309953
-0.0182025012074665
0.0138882601880201
-0.0116061154236826
0.00690548883555856
-0.00716160051708535
-0.0791408191516741
-0.0304300040445965
-0.153790424856265
0.0341746888137355
0.0110545006828084
0.0331359919918629
0.00126514689482042
-0.0644590322044247
0.0188842157659413
0.0189718989556447
-0.0479007527636924
0.00168370045648954
0.0212955631773073
0.0359669881568384
0.0764231492885565
0.0174111473552065
0.0628513461916789
0.0298167830777651
-0.00780894567200002
0.00599013328725035
-0.0223199839889958
0.00503974677653453
0.0140063988396923
0.0169334311795509
-0.0125851499671144
0.069933806998527
-0.0308507719116319
-6.95428309507567e-005
0.00513676582048058
-0.0177411276729138
-0.0227863699693004
0.0420096569051949
-0.0145589448358286
0.0232005021387811
-0.0285540456678749
-0.0514427620060458
0.0150813257464684
0.0678397421971207
0.0100397300584508
0.0229235123548477
-0.0534546718063653
0.019502126312421
0.0100449871752585
0.0330323056942424
0.0165021625929928
0.00452774180820944
-0.012013080087173
-0.0543924021717385
0.0160948748960903
0.0342192363077295
-0.0108852502516135
-0.106487565830448
0.139448465815469
0.125440455277052
0.117097975838543
-0.0878550055108623
-0.0420885296103703
-0.0559434781816141
-0.00306000989577839
0.0416701604735705
-0.011850335943176
0.0185145203512761
-0.00762292132676591
-0.0497666629319026
0.104075595389295
-0.00529671070322438
-0.0287431807900903
-0.00424325789932991
0.0269751658750889
0.0290014949065012
-0.0105380345271123
0.0332253223107539
-0.0357889704129409
-0.0637128317717454
-0.051862025801961
-0.0280497856396041
-0.0147965225664005
0.0354968489803937
-0.080363490003823
0.091293269038738
-0.0269758684291476
0.0407029887360107
-0.0676334119007857
0.0866975091011847
0.0292150534535547
-0.042687698985028
0.0222239717725316
0.0463997895966266
0.0426759860879772
0.0434819083314144
-0.011762125101704
0.0437412897509062
0.0249638124337893
-0.0105805854896733
-0.0210122960395972
0.00558530060125504
0.0315341352538843
-0.0681692699872608
-0.0299671934626422
0.0100977169777569
-0.012630200527232
0.00110487010974712
0.00842402315437644
-0.0121933358795358
0.000135735627197171
-0.0802044893174905
-0.0557531722773501
-0.0860412452765185
0.196469518307772
0.0162902476670963
0.172518064106601
0.0106950290373783
-0.0331821397382348
-0.0401387882955012
0.00243571820036099
-0.0566769523028051
-0.0364117070268885
-0.0202112009785992
-0.0216025930154463
-0.0583674813924978
-0.00322188726804049
-0.0125905556032205
-0.128407664223564
0.0267029351593264
-0.008384838451413
-0.0116345534119896
-0.0720966398491788
0.0868563743224103
-0.0782317324559941
-0.0223784228646796
-0.0157971538495838
0.00276092987597313
