-87.8788917797154
-86.6792107965772
-87.0876583175792
-88.8696999183224
-86.923937140281
-86.7926823109975
-86.384675918962
-89.0563967433612
-88.5851339845609
-86.5593266348018
-87.0634345422144
-88.5093634870625
-88.6283140197603
-85.7145201998715
-87.0740852501678
-86.8941797980443
-88.3134032016883
-88.1498217109322
-88.5453464626734
-88.6016031895233
-87.9441984060649
-90.2919535760964
-88.9617873288817
-88.3754220486005
-88.2821711403053
-87.6718327477434
-87.4259151633415
-86.7960617243246
-88.979520310842
-89.043350037644
-88.7771140806186
-88.1492748446587
-88.2152419297706
-88.5649790627879
-87.6180097741714
-86.3967120281702
-91.3798919687043
-87.1094244049543
-87.8171419470997
-88.0562380503336
-87.3513892784643
-88.4489880488457
-84.377670794579
-88.341259629294
-89.2331167511963
-87.182618892921
-85.9651637017795
-86.5947118653653
-88.8305740294403
-86.5925789737311
-83.2846357056279
-84.08723079148
-86.0829526688071
-85.2461712881957
-84.2896248644306
-85.4743570400696
-87.4558983395533
-84.2887421048331
-87.4064300116086
-84.0701482337264
-87.8757884345968
-86.8203613450085
-86.0129369477741
-84.8574517901412
-87.4303958491316
-81.2883878505248
-85.6793836869583
-84.8585386202574
-87.6696459516007
-87.065792667152
-87.2229702563109
-88.6818141378321
-86.8936388252404
-86.6430294661239
-89.1963222021003
-87.7583260179718
-89.2271631179017
-86.7065645961069
-86.2092696101295
-89.359349685242
-89.9751625606944
-91.8105679022702
-88.2919700723161
-87.6802850526952
-88.8533425119068
-89.1308578027423
-87.4454027083189
-89.3449540067111
-89.3496690356654
-88.3700431394084
-89.8083505229003
-90.0453547248169
-86.1406420187632
-89.7361081029252
-89.0435689751387
-88.2563959801169
-89.3027888796982
-86.3846602486861
-88.3113905238292
-84.8978542798241
