  -119.26219814
  -117.70362299
  -118.03598407
  -119.15162224
  -118.72059967
  -117.43154047
  -119.01208193
  -119.13707458
  -117.62281521
  -118.03093702
  -119.20543124
  -118.39851222
  -117.54543000
  -119.03623547
  -119.12765736
  -117.69015283
  -118.48703676
  -119.20154536
  -118.28205692
  -118.19980510
  -119.21751764
  -118.77907910
  -117.71237100
  -118.99916230
  -119.21053457
  -118.35503806
  -118.26413756
  -119.18873861
  -118.68657102
  -117.92598107
  -118.71390902
  -118.95903677
  -117.92689124
  -118.21182062
  -119.01410621
  -118.45445898
  -117.90539316
  -118.66364351
  -118.93948945
  -117.85564450
  -118.36282600
  -119.05999540
  -118.49827243
  -117.74878527
  -118.71168350
  -118.99815839
  -118.11779582
  -118.35031981
  -118.98282784
  -118.47502307
