0.062755828032447
-0.138627086971173
0.061562945438363
-0.000653003264063727
-0.0465161614094466
-0.113948862660976
0.00970818667749954
-0.118220335758064
-0.211838527754503
0.000617710784237102
0.229289174653804
-0.0934027442421886
0.0332340456407584
-0.0357075962967359
0.0532552406020906
0.0204144814782383
-0.0264463889828556
0.00897635033020065
0.134432244907678
-0.0230799269843988
0.12449520481426
-0.0362386345236791
0.114304950098094
0.041335525440405
-0.0509626428802409
0.110594732300693
0.0921117075464235
-0.0401786672085577
-0.0019049804320153
-0.0322560772157434
0.130981231796436
0.0497827816912246
0.0998943730648031
-0.0945964421902587
0.0406519490688522
-0.116527067191217
-0.0213752406579385
0.00527490270930894
0.0244548262757324
0.0536711514829295
-0.00266140955657631
-0.00141894385675792
-0.0399148430054595
-0.097944052724258
-0.12404852204119
0.011358598168219
-0.0010609109111504
-0.0105832314889116
0.00273245961824548
0.0525640429431774
0.052863676095846
-0.113550005760775
0.119769325044877
0.143929517473443
-0.135128579972266
0.0242640688052078
-0.166558762859487
-0.0441706637043595
0.0254384133057145
0.0236132240455868
-0.077022915104464
0.0119174964467067
0.142248206457199
0.0722151453472338
-0.0217310873084124
-0.0865075756390665
0.0718046931995335
0.00506815711421489
-0.11051950860858
0.0198273339694635
-0.0220838037724954
0.0197051534279243
-0.0276172954931881
-0.116557465761486
0.192443355058655
0.0535889504429932
0.060701755030577
-0.0165892198603869
0.00745064989464039
-0.0299790872133348
-0.0509435937530276
0.0868128536559893
-0.0298939247671328
-0.0842931397629747
-0.0296263120939883
-0.0507953503802638
0.00382369336985356
-0.0557064953524802
-0.0967308369922661
0.0171381006521524
-0.0739698425722673
0.061329044817363
0.0804646886617699
0.0691060186874452
-0.0510103878077506
0.0371199881803021
-0.0911558573399913
-0.116437424052409
-0.0164913849237838
-0.025603517746586
-0.0432512001944618
-0.0909747383795629
0.0434523980713197
0.0374847853477103
0.0589370997224925
0.0409310121506014
0.0760404960469878
0.0153661641074218
-0.0210163976252803
-0.013706298451994
-0.0261078418816462
0.00845978290355198
-0.0952114748117472
-0.0209688795576823
-0.026555118269016
-0.0545769638074194
-0.00504873898472195
-0.0820936686506524
0.207311779382216
0.0189407442789987
-0.0409870865523647
0.00398726112980787
-0.00745045933385928
0.0660936804793101
0.0652478808897046
-0.0416862511964916
0.0710183919741557
0.111913696379687
-0.0264929368313895
0.0317281173956141
-0.0295855047568471
0.00555902112808497
-0.0169265378871192
0.100865722064425
0.0265875889863177
0.0461700950410441
0.0299800819401015
0.000398364252746059
-0.0890212311830603
0.0273353866989663
0.103936438475062
-0.073445025267568
-0.0484953566895951
0.0241717278048376
0.0874385260759288
0.0180927374452846
0.0963766469432005
-0.0363186838973465
-0.0341963616606117
-0.0182960170313971
-0.0187287038447306
-0.0338039372058281
-0.0960214454590002
-0.0389257208397038
0.02465442520519
0.137849493824226
0.0556400192460606
-0.0131332887625777
-0.0335745835886794
0.0302093795563779
0.130378754652044
-0.0499820845631022
0.206842891706167
-0.0774088911861096
-0.0516812727447664
-0.0212623636096431
0.0151370364939914
-0.119034729964896
0.000624635955709312
-0.00171041328200071
0.0325983433532103
0.0751966290752974
-0.0283638809834414
-0.0375468178004065
-0.0505698067151756
-0.0374965937948076
0.0832477310158096
-0.033755946461782
-0.0342259196356548
-0.00639129298471772
-0.0304835185686018
-0.00987999771138423
0.000151277661858054
-0.0554886121414181
-0.0824507465983472
0.00295908846405106
-0.00852191062224333
0.0148676834740032
-0.0149702474212237
-0.00294585240885526
-0.109363473564883
0.0556399926290096
0.00202766054954358
0.0217574620564464
0.0589502458869226
0.101442276046813
0.0355515396082762
-0.0100392721905275
0.0172453338839263
-0.0334489675738661
-0.0157048737307674
0.14552471394905
-0.0211672639671264
-0.035095136533052
-0.0490972675005514
0.0473119026933596
0.0334135598744762
0.0173112734176114
-0.0809735951702915
0.0520568748492304
-0.0128908098705328
0.181339182455986
0.0291198030216539
0.0835367735750801
-0.0265656393651702
0.149216362661374
-0.0882197175314526
-0.0809099914597771
-0.19686655061725
-0.0138430449024233
-0.0229385786463991
-0.0877989686845559
-0.0162654723051895
0.0864256310903407
-0.0144048400411221
-0.001340586382034
0.0395974165922176
0.0333170260970163
-0.0300893012400633
0.0221612204126213
-0.0224280011796875
-0.0583055891720329
0.0265184495034817
-0.0169149563028264
-0.0311398277708699
0.0253676641479794
-0.0465320990727658
-0.0257063634392599
-0.0652549943963422
0.0240268165292372
0.0236467724369868
0.0438826249635823
0.0296318745176599
-0.00243353465115475
-0.020101947575356
-0.0563222573205268
-0.0461506498881933
-0.0669844302241019
0.0413246676139638
-0.0317407187774347
0.0167687441068835
0.00669762164548005
0.0513739762237869
0.0119884035802834
-0.0481800804354459
-0.0277332232370742
-0.0183001470512174
0.0864939624181556
-0.0594698318240168
-0.126350893670103
-0.0662827796526944
-0.0153969322076722
-0.103641883641457
0.0668266671451174
-0.0120331701043515
-0.0484376603367573
-0.0338191967588315
0.0243100579091489
-0.00891726778841472
-0.01296907386677
-0.115691374434102
0.0217751626781534
-0.0507749405345596
0.00589062983827091
0.0195846398036129
0.0385335881450849
0.170182580310748
0.0968900697921486
0.00772154988244955
0.0234947462957239
0.0399367216988466
-0.0237392978768685
-0.0133785523141871
-0.0206868304708736
-0.0611206867276181
-0.0150608268840932
0.00782325615303491
0.141662391238048
-0.0461964567595204
0.0356312720388295
0.00932362904169872
-0.0768654968226755
0.00970982117244559
-0.00344851846458564
0.00681843143382844
-0.0752884639101273
0.0111791282166909
0.0172890101835505
-0.00915273948521772
-0.0387975694964386
-0.0373781333188764
0.0417850799293128
-0.01536116847809
-0.0689890447546557
0.0633444955616972
0.0919042606141384
0.0356092001847031
-0.0565081885186644
-0.0617092696299143
-0.015974127291833
-0.0527928088173998
-0.0843140045306351
0.0236566290629847
-0.0127247867504143
0.018989070604497
-0.0154699837937815
0.0182710110220838
-0.00223296595153948
0.123975274159582
0.00716131312319974
0.027409561712844
0.051297941143126
0.0443102354051304
0.00675073780610974
-0.0175736234669656
-0.00176567383047423
0.0230548064671892
0.0230601459262473
0.0523659312405321
0.0962756610679956
0.108924652190985
0.0304749924077606
-0.00631253396515683
-0.0828486901579924
-0.043765623173964
0.0987847298993724
0.0400329485947169
0.170130717866584
0.147413912160509
-0.057112916193573
0.0122039933277041
0.142898454546083
-0.0542685275609966
-0.0613668565590947
-0.0413826386584952
-0.0238879957516386
-0.0704908995341664
-0.0393118249321656
-0.0634342515379593
-0.0952239278150115
0.00831130181421773
0.0584539652050834
0.0159949670615176
-0.0239727564094748
-0.0251464741312597
-0.00715322227550513
0.000519121422432679
0.0511070551723673
0.0705577171206901
-0.0840248252924194
0.0373086881513717
-0.0264499349304263
0.0228718106776179
0.0383217141211919
-0.018686733270357
-0.0507830488515743
-0.043505704736622
0.0885935751433932
-0.0629371847022931
-0.0146176244888973
-0.0217914371829062
-0.0516540182088533
0.0517609045766731
-0.0957136269466033
0.0611725813567639
0.0775097890801194
-0.134576668135797
-0.153920494056599
-0.0621159013056634
0.0677523440029492
0.0705625347730827
-0.0397413971136199
0.0551641247122985
-0.117258480553008
-0.0547422497143132
0.0365053630012777
-0.0968669243110384
-0.0875247813282314
0.0160105726520206
-0.0319098703543673
0.0128833366656345
0.0156140632800772
-0.0139473421514635
-0.0123001101233058
0.0155926890359502
-0.0212765595304633
-0.00032188101548008
-0.00316484529162213
-0.0218190820398288
-0.048726157843299
0.0773666661955373
0.00189427130701861
-0.0271060525511633
0.00449287875759542
0.0657024480116042
-0.0353792979135943
0.0468157479924634
-0.0652640425015495
-0.0111940672939835
-0.00435093897962291
-0.0187598409765135
0.00725613578689112
0.0411944677968515
0.0744377401644891
0.0801325302611416
0.00137061093214043
-0.0813821847580839
0.00865417623122673
-0.0774153531149589
0.0584218857898622
0.0241818230349696
-0.0286361123044374
-0.0219355110505503
-0.0059335392265316
-0.120376034350159
-0.0759417005578455
0.0422529258359263
-0.067434097066629
0.148792010072135
0.01584178071632
-0.00299725523012814
0.0776981206836207
-0.104964682997101
0.0119203365310441
-0.0550031869949338
-0.0133708627122574
0.11575729313738
0.137378875241293
-0.0166332266884764
0.0047338612257119
0.0117217979794547
0.0455499103145689
0.0536303925838334
0.111324507051084
-0.000874971799897575
-0.181674521358234
-0.241919546826212
0.0226894058301108
-0.0715568627421249
-0.00650855009295699
0.0880253743569773
-0.00290149196842383
0.0640048564486041
0.0394871938051592
0.0468214684030113
-0.00386688241300207
0.0116895624931716
0.0395149865366481
-0.0167952711855608
-0.0506714085708347
-0.0262421468862496
-0.0912984371883264
-0.00914969416680845
-0.0580672377784082
0.0591781365913299
0.0989937004141976
0.0132523552994553
-0.0581917286914897
-0.00324712575023459
0.00937116454556602
0.0481987653686983
-0.00978981250424736
0.100463395589088
-0.0788164630360481
0.0265503130382271
0.000541525976571759
0.0903707308952813
-0.0322582465847631
-0.00615294240122509
0.0523789790557593
0.012647119570446
-0.00506991568993718
-0.0455333714297042
-0.0096783123077501
0.0370685138036443
0.0221092338364242
0.0211895094072064
-0.0355125345444834
0.0767944489187473
0.065905099376033
0.0665534979458481
-0.000779049864176568
-0.018438927947828
-0.00383813465984853
0.069581490980595
-0.0184273091411463
0.0954518740057333
0.0219154507857266
0.0299158653290267
-0.0707705034081467
-0.0322255376544959
0.0264013673081907
-0.0010578957338145
0.0305378861318943
-0.163927516545298
0.0383070273910582
-0.0859493833207421
0.0415145471010844
0.0520107997343331
0.0298569281968775
0.0117350806552721
-0.0386364966215749
0.0363291492362991
0.083346990982121
0.00711978356395991
0.0866551754597576
-0.0212297263317893
-0.00123340412261442
0.0422671801375594
0.120244448247274
-0.108015453993152
0.0537219362712522
0.0409336752027699
0.101509120084644
0.124493576600703
-0.0163012796059666
0.0201474416764725
0.00869657162772817
-0.140339720739425
0.0764447928166024
0.0815629017039697
-0.00865887528297274
0.0189118890463533
-0.0975477182973645
-0.0106642890259571
-0.105248057953372
-0.0807415567972146
0.0546982230034642
-0.0236178772986343
0.0885271348650696
-0.0121709438585909
0.00563509030603871
0.0144563041717027
0.00211972864600905
0.0517055942710194
0.0291101055824795
0.0317655599712303
-0.0721259078160567
-0.0298948240188419
-0.0758714072168977
-0.00943675351775674
-0.108797595922684
0.0388831825986581
-0.0402072810782311
-0.0670716016432686
-0.0618054156327911
-0.00620727543453115
-0.042413599797116
0.0940069286231168
0.0748623464395424
0.0742949100597457
-0.0128042207995675
-4.67867792083267e-005
0.0682833576778152
-0.0743423610388918
-0.0860653802614199
-0.0762801046607176
-0.0786877715761814
-0.0619937242464675
-0.122825436146638
0.0688607749328638
-0.0133240224621458
-0.0245102830628677
-0.020820023903713
0.0366796345361449
-0.144623679628515
-0.00535901053355227
0.0690695447757534
-0.0301834016654284
0.0441129821459673
0.0682485014806297
0.0296365957099191
-0.05642166707755
-0.0394803886167308
-0.0909299682074718
-0.0266458059357398
0.0363221123025366
0.00928915100744125
0.0936740844288415
-0.0843712002551598
0.00460018854047962
0.0697853194360594
-0.022090372874762
-0.0343597588757815
-0.128672444448279
-0.0723976342941594
-0.162209801204178
-0.0650703108744004
-0.0115887515637245
0.0774581632086072
-0.00447973677513034
-0.071703665903217
0.00994427744266885
-0.0686863033718261
0.0753880490917682
0.0288433677385453
-0.00026065695252129
0.131340443671045
0.00539489315348696
-0.0161448479000756
-0.0241630971473159
-0.0777045583471762
0.0794218323264287
-0.151609750452843
-0.0798241391661171
-0.0222230147134708
-0.0322317358785423
0.018168552990761
-0.0372472733494232
0.0172534214041417
-0.0675635557794206
-0.0505544759527425
0.0411602309543845
0.00598231154945892
0.0357646729403023
0.00883048553947458
-0.0522817608311286
0.0600356154404778
0.0102938251678121
0.0797197359434122
-0.0155825941243014
-0.0571992691688098
0.0240737600416081
0.00263329786048846
0.131493827545973
0.054661875864153
0.0646192439445199
0.00367507524153175
0.142771210188416
-0.00213871691437321
0.000577990562543715
0.0696925208969366
0.0161928404150372
0.0388470230974132
-0.0143223106019332
-0.00191696356706353
0.0470447210231486
0.0972831385151558
-0.0297369011330837
-0.0112257130773778
-0.0728328262774712
0.0788065419935554
-0.089698514398751
0.00284722615842042
-0.0126081087548587
-0.0431378699145878
0.0142735369820955
0.0267470823893364
-0.0191908226568357
0.0250946164549497
-0.0472429354364327
0.0418164217398111
-0.0878639819044235
-0.0208649057393986
0.00471786946322757
0.0341189827224014
0.0306199144407167
-0.0119761591204598
-0.00215962002678664
0.00944324579249176
0.0159854022620823
0.0383815777783998
-0.0411003464162486
0.0545318111434004
-0.0231786485199669
0.0235185343522192
0.0669242140599467
-0.0148191998340119
-0.0648067332061292
-0.0498420041754775
-0.0346185899505604
-0.0550965025166868
0.196691352568362
-0.046378951207948
0.0366608259066925
-0.0365334927762013
0.0429775490772912
-0.00627423890504862
-0.142967535798767
0.0382446668595062
-0.0273830951637694
-0.0056325938158409
-0.0316230720573573
0.00332852174793947
0.0548494843543732
-0.0564897258987603
-0.0264560394070644
-0.0600457586227525
0.0715454076856929
0.00372360599060262
-0.136508489450757
0.118195257286789
-0.0999152031814912
0.0654023706049315
0.0307001191013669
0.0171124382062294
-0.0718928132222992
-0.00490952916413209
0.0573685916183152
0.0934927690189074
0.0422972810745576
0.000595943808535725
0.0367656488457317
0.0438111557379384
0.075664378809724
-0.0310145697568426
0.0235343076665216
0.0117192783477992
0.0109309003196484
-0.0171795900212188
0.0235471967350047
-0.0163316128138401
-0.0964173449323741
0.0406734158119999
-0.013238253895465
-0.026552915038901
-0.00329789523309758
-0.0875334304123657
-0.127635537977269
0.0274071579553874
0.00336638479235568
0.0184142310505339
0.0181921746236432
0.0259550832848263
0.040462892516228
0.0456894184788302
-0.0417196284043352
-0.0235393381564256
-0.0433663416020898
-0.0271411296601034
0.00674640426996078
-0.0722554317086095
-0.0407492704221574
-0.0212066934923131
0.0132545426440636
-0.00980851608957218
0.0543142540048118
-0.0390265814386533
0.0551141369983025
-0.0913144938360974
0.0425439911472412
0.0525237417756093
0.0122285737550081
0.0493961619495811
0.0297640922510806
0.00662829335778425
-0.00205643785249164
0.0261584476995337
0.0220935728271717
0.100788084550838
0.0503164889396827
0.0148102082978952
-0.054249382408043
-0.00925902158228368
-0.00864464043279233
-0.0559000336452237
-0.0425688057576319
0.0375040959510706
-0.0799335637550306
-0.0421287498799543
-0.168981868050576
-0.0256254994907902
-0.0503710761940504
-0.0866791809451306
0.0415312673744505
-0.0299591598279782
0.0874532823327627
-0.104457870788428
0.0260064781696542
-0.130883383498535
-0.116180699713336
0.0128943460291229
-0.0842114782752065
0.170304702760202
0.0759303702305555
0.1432426826972
0.0758297883060347
-0.0119477231369811
0.0521018830947027
-0.0514317387192689
0.00594941618251149
-0.123588882723731
-0.00551489440663106
-0.0239067312053106
0.0522582039912461
0.0367853755062514
-0.0884455054972988
0.0249397120605748
-0.0364775953738278
0.0289808399343971
-0.0570777375798837
-0.0530091072587957
-0.10246152982472
-0.0402218818936628
-0.0494292102096668
0.0489302917530013
0.00381852773986405
-0.0784773993186609
-0.0131333419347768
0.113989626489849
0.196218080851227
-0.0247061296230508
0.0513284039213855
0.140058307109189
-0.0347895894910755
-0.0930866980272005
0.0463669110378649
0.0342666445773694
0.209104712389014
0.0528169487533938
-0.0584537514993386
-0.114299411087212
-0.0169777979161001
-0.0144500334874964
0.0590793611632503
-0.00696357725722391
0.0300100399886524
0.0210095552886846
0.0204691106908947
-0.0615687731085244
0.000681168056283377
0.0430827038364255
-9.01400060399713e-005
0.00456690208280769
-0.0556499161737832
0.100810477155371
0.0105270787232579
-0.0138549578268761
0.0740478003911013
0.0876281008586266
-0.034441244876775
-0.04377428053047
-0.0343815156469491
0.0260449056570647
0.0781776092214371
-0.0493670064926104
0.000776240836493223
-0.0632556525587819
0.0574646906189208
0.0465658358627091
0.0464519741650388
-0.00810992530714352
-0.10021638916983
0.0763010983338016
0.117214901914577
0.0623834331763848
0.00960723134329334
-0.00369243411605428
0.0481424027421253
-0.0119419937500227
-0.0386014428436019
-0.178734552245685
0.027019544080564
-0.0632259469355103
0.0840109109985054
0.00957340937975294
0.145611804500224
-0.0102160719262789
0.029660821937749
-0.0213769911450001
-0.0638964073715162
0.0583327616934472
0.0292032398914924
-0.0800420141222899
0.169643249181913
-0.0593352108737888
0.0454864694698666
-0.00523486461384919
0.0566845853459751
-0.00483024490303276
-0.0464575080547597
0.131926576060392
-0.0431155092373088
-0.0285532722046796
0.0711227131067021
-0.00200958549537207
-0.0288420345475076
-0.0327408038054298
-0.00649340510341467
-0.0231191009523066
0.0224410062245375
0.00811398647857613
0.0449221647327329
-0.0971900037077598
-0.0810591104929256
-0.0600471592151076
-0.0488287804182492
0.0057751204843325
0.034577636881368
-0.00783562290397346
0.0281220120869648
0.0712304728117346
-0.0602106752556115
0.0472132014483747
0.0109550059700732
-0.0304889195060195
-0.0696606327112454
0.00900617077352106
0.077478339851331
0.0417090769306006
0.0039968266636551
-0.0733003634605346
0.0781595627342291
0.0754674720220711
0.091359116108637
-0.138144284632133
0.0332756837861286
-0.13374197461184
0.0302167240348366
-0.0373070080293114
0.011747599721169
0.00581346129676056
-0.0170591850817267
-0.00402681491451101
0.134664039824121
-0.0230146944502589
-0.0648808023796714
-0.0475944244970745
-0.051390664097304
-0.0267397731963737
0.0727778534068815
-0.121824132371623
-0.056825112286264
-0.0325013892042752
-0.044449551147286
-0.0297605574471595
0.00501909637387408
-0.0421670040594625
0.0174548246731436
0.0809813604969666
0.0441042657133707
0.0759085266724106
-0.073657596765731
-0.0183986650359818
0.0883729509743889
-0.0997374439235366
0.0461279568192236
0.00729307274608861
-0.0473621956503522
0.0104850129219262
0.000132003875306204
0.00906570691575675
0.0125457639961156
0.00918138278235859
0.0402281564858098
-0.070562886080205
-0.0773959189401335
0.0829635765700308
-0.0454769453434138
-0.0112394176818371
0.0675298003041268
0.0394464309223709
0.0288025919896381
0.0676876300205967
-0.034003104063399
-0.0288592250690931
-0.00628163801525537
0.0412276371326391
-0.106417052781358
0.0412978719177836
-0.00517328021327401
0.0538222086895321
-0.0599956111825311
-0.0271270033318436
-0.00147833779915385
0.0436345872166208
0.0288917305125533
-0.0679259000868081
-0.0234787329930609
-0.0202954008317066
0.0161921228056698
-0.151954690405989
-0.0373899325072376
-0.0191176524178229
-0.0232257292352597
-0.134694566489064
0.157384854597857
-0.0389915686240451
-0.0956728697662387
0.0670611877439993
-0.00657757484694598
0.022604393225029
-0.0231522918282354
0.0528311478550507
-0.00455388539893849
-0.0592156006485396
0.0305342199712595
-0.0467536844336204
0.0429727536502373
0.000469893841196192
0.089882975802475
0.0499951359159516
0.0331264858370594
-0.0295752602804164
-0.0205128677677272
0.0393293120417971
-0.0372667470130138
0.0217202909750275
0.0147108441677705
-0.0964848866018712
0.151798378612602
0.0301667924739088
0.184831699271259
-0.132572930415586
-0.0427643962949326
0.0243686704653685
-0.0576747412034848
0.0348365705870633
0.104028717020469
-0.10640856281875
0.0105292810324723
0.0546266639058586
-0.0153309124907651
0.0682695282926036
-0.0632097768476444
0.0392915207418836
-0.154870836759728
0.0558030923172117
-0.0495222010192011
-0.0135246266130307
0.00311775290681089
-0.0663641418225802
0.0405265169247821
-0.00988777920437049
-0.0423858146054195
-0.065959736310435
-0.0267386678042884
0.100759033986175
0.0416496845745928
-0.0434835119552513
0.170375144501491
-0.0991847415159075
-0.0232128578141502
-0.0782539222809329
0.0185019514930375
-0.0222519774205374
0.00523587479034841
0.0619624226499022
0.0539797209339339
0.0346853134028672
-0.0243092822716225
0.0382729047572583
-0.026164795266715
0.0135246238671198
0.0166928028036286
-0.0387394620811067
-0.0532543390617669
-0.0700303607818045
0.0393598613538482
-0.00439224379554334
-0.0753432918737131
0.0267830765070645
-0.0221891327643796
0.0830732151712328
-0.0137931782500686
0.0419125455472094
0.0813273948628072
-0.0734377614690443
0.000561590877187958
-0.00923008583031855
0.0591740243872761
-0.0488076956442238
-0.0668859529452201
-0.0748419602245291
0.0117335123283899
-0.120008882424849
0.0289052699231218
-0.0815200734485101
0.0219376876213334
0.0556522636388369
0.0312914078282797
0.059433772767659
0.0012463349314563
-0.0656621629194286
-0.0840776063699054
0.0587264531305994
-0.0061895749999968
-0.00495378308499196
-0.0175927658260907
0.00704704904048788
0.0366127196430541
0.00965928453939939
0.0614825783252839
-0.0269787151438271
-0.018823997869024
0.148352622799727
0.0372508537012635
-0.0382316370893847
0.0285203830990012
-0.0263515424974598
0.00265912524205891
0.0758639795464058
0.0298247914600272
0.0221436894018115
0.0346310204985815
0.0276737953571071
-0.0286284177918604
-0.0594681793247206
0.021722238575545
-0.0411079907643593
0.061227603556676
-0.0574340261989831
-0.0446236275708579
-0.100075812500079
0.0904214557379306
0.110286736469092
0.0044390648447953
0.00700216469196035
-0.0949745823032297
0.0942150148795147
-0.0720639746714735
-0.0452410890487886
-0.0323456018101568
0.154451040108565
-0.0419551013840907
0.0177310607730397
-0.00597117765626548
0.128040067352637
0.0590646463740802
0.0300449545905105
0.0369086972777143
-0.065901317375605
-0.0314543781740038
-0.0848148296360485
0.0139068938005427
-0.0432854581731508
-0.0490057217409265
0.0145374030538197
0.0280920670408301
-0.00355886243845412
-0.0634229225174771
0.00475738336728829
0.0310472095792839
-0.0288662864608805
-0.0324522631446726
-0.023550554152444
0.0248285606665659
0.0126485629561292
0.11352065041914
-0.0992515952168205
0.000247401317395448
-0.0299306665941384
0.0100073006911292
0.0202466992168497
0.0368973451522506
0.0779988525040754
-0.0311125917870749
0.113182119342046
-0.0399116994702732
0.0384365496367598
0.0372478359256158
0.0859276855478749
-0.0471515400991891
-0.0482948066105048
0.0198236138382949
-0.0146564227510835
-0.0514589655151187
-0.0668234665510271
-0.067941145182892
-0.170674348306187
-0.0378267627043026
-0.0832038062356536
0.083128245766417
-0.0821473022079308
0.0357728931481658
0.0453761903813186
-0.0182613671841197
-0.0556283772587458
-0.00868551256734365
-0.0283348714993128
-0.101116673008694
-0.0733863250420705
0.00760450564131324
0.0394280315630591
-0.0660635981866079
0.0622217353813479
0.0175715111230116
0.0298953203904009
-0.0309087856990828
0.104058074040986
0.0276447676651551
0.00953711404511344
0.0482982268662661
0.0336817691752614
0.0266109923599734
0.00212277475887123
0.0437079063895441
-0.0324912668231976
0.0711470139089442
-0.03046844550601
0.0178675855202345
0.113927435755098
-0.0881799624229144
0.0886098107479345
-0.147132495898118
-0.0316702624761186
0.0442672473679091
0.0235262411840497
0.0197321829787433
-0.029643553303055
0.104655062752787
0.0812035015795457
-0.0762015532158139
0.0869398509400566
-0.00215349143705315
-0.062375956007431
-0.032880597288118
0.0136752091671566
-0.0185149231932564
-0.0323646491667227
-0.00210904774069653
0.0176679523729918
-0.0312047314368087
-1.83227853953047e-005
0.00595521533651249
-0.0155180805582713
0.0854432116412063
-0.0106006799205403
0.0411691337791984
-0.00613756609305813
-0.0501628938431926
-0.0523173666534109
0.0163467693104292
-0.0102924677949383
-0.0271378810967349
-0.0748231588145646
0.00193313994884628
7.91871398491683e-005
0.0908734138282774
0.00269546541765037
0.0578342522296067
-0.0562495135390058
0.0287105268831759
-0.0321386694918223
-0.00694950315952815
0.087058805813097
-0.0337079101302192
-0.0407129584911905
-0.118296945733269
-0.00453869161682115
0.16680587268316
0.0265893929507304
-0.0714247059409537
-0.0187729051712525
0.0437967687916109
-0.0241426618995296
0.00546394432013244
-0.0240056951160427
-0.0456372791418889
-0.0465476084640771
-0.201652511138178
-0.112017656020475
-0.0301258965094672
0.111547867734414
0.181339317058712
-0.00717059180208379
0.0106930874255482
0.0975630573457618
-0.0118428514501816
0.0260533625685059
-0.0106207242533311
-0.0779180254150829
-0.0895853820066755
-0.0458144573993659
0.0140848881850035
0.00369217220267537
-0.00639386703522794
-0.0985581686854829
0.0362377511762377
0.019831980798166
0.0342962181311998
-0.00286868093822157
-0.0225375277964527
-0.129506956796168
-0.070727172888589
-0.00563642618566626
0.0660377348913675
-0.0279886175658592
0.068486076064683
-0.142583232992489
-0.0269242286790052
-0.0248829127694965
-0.00762675087225573
0.187078574024924
0.088033523912317
-0.0337192591205022
-0.0944935383244018
-0.0200926278083507
0.00353175977869391
0.0411190631164879
-0.0249142052252087
0.0481535943546027
-0.0467564689943886
0.00702455669855563
-0.00740955023933463
0.00250562549053327
0.06991556551929
-0.0214529134927122
0.0386033767287728
0.0813408006408747
0.00027348265659087
0.018643559938122
-0.0186399964068499
-0.0419837429446896
0.0508927308348762
-0.0446587262231945
0.0989093891698967
0.0445621400718952
0.050634793446781
0.0314135890924907
0.06542302087997
-0.0128699513073764
0.020128307690932
0.0283868025045714
-0.000731967560521175
0.0386172589815326
-0.00283853554431357
-0.0122289682298097
-0.0314029290005797
-0.0509381966329046
0.0352290182181963
0.0298135149266034
-0.017326549638796
-0.0173509376794182
-0.00467780763812558
-0.0870138155323461
-0.0702342695868047
0.0649340262534355
-0.0181438182613561
0.0222781295230376
0.0335981959432493
0.143734860554471
-0.126308259139633
0.0552374135355937
0.212158559315218
-0.0769766319857874
-0.0480472469710848
0.0135120483700105
0.0959991649834249
2.2676785484229e-005
0.00832176424673247
-0.0290770304779629
0.0340173549364313
-0.0816342112590076
-0.159513668482494
-0.0730022857634193
-0.00110920139265827
-0.0151646839093009
0.102265895516232
-0.0713450683162817
0.0715531501242756
-0.00905171498768666
0.0884412850422168
-0.065940139914093
-0.105798916637189
-0.0724701054728923
-0.053294600806607
0.0938333495731336
-0.0252282521653174
0.0170290748892041
-0.0894604151089076
-0.0423966113526374
0.0292798857338044
0.0135526208023769
-0.00716052237600165
0.0343452215524709
0.0801173136545594
0.0289805210869581
-0.0267053807214398
-0.0335178506261669
0.113938427952097
-0.008641330347086
-0.0822894127574378
-0.10514614791936
0.0879772172344841
0.153203443654746
-0.0326344213731337
-0.0130438657667768
0.00424321061477608
-0.00769217557931376
0.0348586392887564
-0.00965196930748439
-0.0590916731930831
-0.00398909048642472
-0.0863225963509812
0.0234428725015558
-0.0110280206247119
-0.0294864559681932
0.0445739241087712
-0.0250371907917595
-0.01918243934019
0.0401415966079288
-0.00452428147225698
0.0849752249635423
0.0672384613321081
-0.0253982993401498
0.0511928181527035
0.0843164199317157
0.00335494012430312
-0.17223683402422
-0.0845187680035964
-0.0381293798997829
0.0320314306164729
0.0671549173809812
-0.0196723065998842
-0.0158488996361661
0.0397551301091768
-0.037881681086779
0.00811418003179526
-0.00799761074818552
0.0500631803643231
-0.118488178712238
-0.0728150507770866
-0.102201040463436
0.134267864757008
-0.0119641762179854
0.0652226885904848
0.0482883260080248
0.00372008659591293
0.0152660772985186
0.0773491093256477
-0.0534154825789223
0.0673963781262099
-0.0470784829247836
-0.140559018558472
0.0636514561575817
0.0163211072456581
0.0414824827025519
0.0802215487088917
0.00566777247755663
