-53.076217579995
-55.4057858473522
-56.1329550937642
-57.9970886170373
-58.0264425202879
-57.2338778461963
-52.9779665759094
-60.3386608390381
-43.552992277535
-49.2027553941858
-70.156373437562
-53.9102735255688
-60.2195868003563
-61.3193453138064
-50.6861689781998
-51.2291853758583
-59.6568131860592
-62.1928477578214
-52.1403433402832
-64.6511490935483
-62.3237363781393
-54.3426793512958
-50.8165758633604
-60.0094588834402
-66.5623457991657
-58.8196146168024
-50.9148427661161
-59.861120622032
-58.5745118481615
-53.9001844806688
-53.8041788721217
-59.3118276655631
-57.6239445253591
-58.0256886730247
-58.7557747803051
-67.2084669757155
-53.3086853703789
-56.496815254515
-57.3361727912581
-62.6059288722236
-57.1976330753824
-47.6441232621721
-58.2065734677714
-49.2902006783496
-50.9672429618524
-48.6902914743146
-67.4513847235143
-44.3162920078993
-53.5061759159187
-44.4554340387518
-63.4953828812636
-48.1177304384984
-42.3688523666181
-32.5284239695247
-51.2317577611393
-46.3041440314626
-45.5592155474618
-49.803568656385
-43.5981707191699
-61.7099095601246
-36.11534059609
-62.5885597103298
-60.837990645377
-49.1659042387354
-54.3312134299116
-45.9673399526152
-50.011299000613
-55.6923863660971
-65.7714015872332
-55.7074238865221
-53.3757314384311
-60.0153626158769
-52.9176702125368
-59.8969003977481
-60.6543182036866
-56.9066876463999
-52.5765132578261
-64.1677615814992
-64.5680829976461
-66.2913086693963
-57.4264627937733
-53.68838392204
-61.5489689474999
-68.7258591402044
-55.5727673010426
-49.8213531076064
-59.0505260539244
-64.95001355961
-54.8948342000362
-61.37560805176
-61.446941414867
-47.0725516967998
-53.4794281410741
-55.3411030433884
-52.3407883732152
-45.6328745635747
-49.4333935598166
-53.398237468564
-58.824794524846
-61.7770421914744
