-98.6252006090599
-98.0184546905157
-98.621140066378
-96.7838929937742
-97.6379722394299
-96.077176029369
-98.2651029208904
-97.4741491451194
-97.4418199582026
-97.125973998048
-98.5925999594366
-98.0440479373939
-98.2954957121008
-98.2677844718894
-97.4947400169617
-97.9628931477642
-98.9265628063239
-97.7695609965425
-98.5282077539788
-97.2755651280579
-97.533402339578
-97.8322333511707
-97.3340684565127
-98.1548717648009
-96.6416200651391
-98.1530995696091
-97.4546901045525
-96.511647181735
-96.2664936889312
-97.0127813013057
-95.8722318049017
-97.6524628726509
-97.2264830633978
-97.6413534907833
-96.1001153028616
-96.2387376827917
-96.8768123483978
-96.2331498125661
-96.569800135618
-96.633593442312
-98.5124634593415
-97.2258192897841
-96.8453525469936
-96.5578590442359
-97.9436783751115
-97.374867407079
-97.670806692369
-98.2676706099417
-96.725802272369
-98.4819837459786
-98.4804652776378
-98.663993575111
-98.18999156438
-97.9713384816117
-98.6416732025834
-98.8337141020386
-97.5153471885032
-99.4117357543048
-97.6299710715531
-98.0849967329704
-99.5805524309347
-97.1323201775303
-98.9679147313767
-98.3529079413583
-98.7602056882388
-98.5534847859922
-98.8772466764635
-97.5040991910308
-97.3872318675097
-97.8808424458074
-98.7715099764132
-98.7736556857941
-97.1826003637929
-96.8505510901024
-97.6455627451887
-96.6710375681444
-98.090518412888
-97.1440396051045
-96.2216884264888
-97.5652407885691
-97.618306427822
-97.0444163924668
-97.4994546901797
-96.9890631073844
-95.411861556324
-97.463812050869
-96.6572115448671
-97.6352812044285
-96.0620785914286
-96.6439058155976
-96.4301167342624
-96.6049097658181
-98.0383923243195
-95.0902518232646
-96.1168852702452
-96.3282239508241
-94.9672745376427
-95.0475531417412
-97.3018033584937
-94.6730547256813
